0.000000000 0.000000000 0.000000000 -0.000000000 -0.000000000 -0.000000000 1.000000000
-0.063371748 0.216958642 0.081468016 0.000317786 0.000009385 -0.001666133 0.999998569
-0.112515561 0.432552457 0.180527464 0.000828132 -0.000723739 -0.002681657 0.999995828
-0.177894413 0.632730961 0.281734765 0.000574615 -0.000304581 -0.003751709 0.999992728
-0.230275393 0.844452620 0.388009489 0.002345135 -0.000648517 -0.005000533 0.999984562
-0.267561942 1.025934100 0.512224197 0.001737241 -0.001926464 -0.004936305 0.999984503
-0.323271126 1.207847118 0.638428032 0.002313702 -0.001840601 -0.005685972 0.999979496
-0.385817379 1.370823503 0.787346482 0.002815641 -0.001699380 -0.006206024 0.999975383
-0.442071289 1.495750785 0.953993320 0.002748497 -0.001977385 -0.006750135 0.999971509
-0.510371387 1.551254272 1.156434059 0.002808840 -0.001923005 -0.007268906 0.999967813
-0.580385923 1.539956093 1.355613232 0.002829812 -0.002098688 -0.006956643 0.999969661
-0.663430512 1.496487141 1.548407078 0.003372518 -0.002183438 -0.007673855 0.999962509
-0.750605047 1.437763572 1.733404875 0.003700698 -0.002149552 -0.007516313 0.999962628
-0.836863279 1.372977138 1.909605503 0.003631660 -0.002615267 -0.007479098 0.999962032
-0.933418870 1.311334491 2.075304031 0.003850268 -0.002224697 -0.007638347 0.999960959
-1.032900453 1.249651074 2.248684168 0.003926492 -0.002273706 -0.007753592 0.999959648
-1.132362604 1.191787958 2.413727283 0.004299348 -0.002305841 -0.007076653 0.999963105
-1.236066818 1.131752253 2.584184408 0.004352460 -0.002543638 -0.006972448 0.999962986
-1.343260765 1.076465964 2.755608320 0.004460681 -0.002783978 -0.006763928 0.999963343
-1.448232770 1.029533744 2.924941301 0.004827498 -0.003383254 -0.006322191 0.999962687
-1.560958147 0.984852076 3.091643333 0.005074761 -0.003541973 -0.006027220 0.999962687
-1.676967144 0.939594984 3.263106108 0.004585615 -0.003848269 -0.005925084 0.999964535
-1.794192672 0.907802522 3.429696560 0.004766968 -0.004209900 -0.004978237 0.999967396
-1.910543919 0.884689450 3.600141048 0.004549861 -0.005013407 -0.004646628 0.999966264
-2.030813694 0.875961721 3.768503666 0.004859413 -0.005911913 -0.004336769 0.999961317
-2.151006222 0.882383168 3.934257984 0.005858681 -0.006824867 -0.003630120 0.999952972
-2.280376196 0.877740860 4.108423233 0.004984402 -0.007892264 -0.003770278 0.999949336
-2.391513348 0.885384917 4.278640270 0.004507647 -0.010176157 -0.003486172 0.999932051
-2.522267818 0.908976555 4.447609425 0.005161861 -0.011289037 -0.003790567 0.999915838
-2.641080618 0.932304323 4.618596554 0.005374291 -0.013782329 -0.004081101 0.999882281
-2.758956432 0.963127255 4.790350914 0.006118012 -0.016616061 -0.004444392 0.999833405
-2.868543625 0.988763094 4.962791920 0.006489701 -0.019865967 -0.004981301 0.999769211
-2.982895613 1.012522340 5.139290810 0.007099888 -0.023028076 -0.005814770 0.999692738
-3.093404055 1.027706265 5.319336891 0.007045609 -0.027102610 -0.007334077 0.999580920
-3.204750061 1.039009809 5.494250298 0.007367486 -0.030909475 -0.008781773 0.999456465
-3.309535980 1.047239661 5.670034409 0.007622153 -0.036207933 -0.010653276 0.999258518
-3.423899889 1.058573723 5.848774433 0.008379676 -0.041512854 -0.013113700 0.999016821
-3.538759947 1.068540931 6.023961544 0.009521040 -0.047421210 -0.015791617 0.998704851
-3.654643297 1.070892572 6.204673767 0.009858212 -0.053903323 -0.018897776 0.998318672
-3.771934032 1.073763132 6.380147934 0.010725993 -0.061447088 -0.022650242 0.997795701
-3.889714718 1.075611353 6.556011677 0.011524786 -0.069434844 -0.026631372 0.997164428
-4.012143135 1.074974895 6.730564117 0.012547565 -0.077774294 -0.031008741 0.996409714
-4.128732204 1.077465773 6.900777817 0.013688951 -0.087645993 -0.036395796 0.995392442
-4.255941391 1.077645063 7.078912258 0.014796752 -0.097362831 -0.041568153 0.994270444
-4.386812687 1.070870996 7.262184143 0.015535649 -0.107662335 -0.047476001 0.992931783
-4.533312798 1.067721128 7.446133137 0.016168695 -0.116985209 -0.053613283 0.991553664
-4.673855782 1.059795737 7.637625694 0.016615344 -0.127619922 -0.059954256 0.989870012
-4.821166515 1.060303807 7.835725784 0.017936787 -0.138202310 -0.065736040 0.988057256
-4.962000370 1.047133446 8.038128853 0.018153360 -0.149438709 -0.072396345 0.985949993
-5.103672504 1.045107722 8.237451553 0.019082699 -0.160241604 -0.078230515 0.983787835
-5.251141548 1.040180206 8.437423706 0.019241052 -0.170285717 -0.083455861 0.981665790
-5.392630577 1.033837557 8.633124352 0.019740585 -0.180603474 -0.089333467 0.979291737
-5.538525581 1.027791381 8.827138901 0.020130267 -0.189913720 -0.094988801 0.976987541
-5.682862759 1.023788571 9.020009041 0.020518491 -0.198757172 -0.100474253 0.974668980
-5.823869705 1.014294028 9.209892273 0.020339895 -0.207362846 -0.105500184 0.972346008
-5.965545654 1.008441210 9.398596764 0.020187885 -0.214862853 -0.109906279 0.970230460
-6.106618881 0.999875128 9.593044281 0.019437255 -0.222276926 -0.114126407 0.968085945
-6.247550964 0.994275570 9.781131744 0.018859196 -0.228328377 -0.117314152 0.966306388
-6.387609005 0.983869314 9.966585159 0.017613929 -0.233091578 -0.120117418 0.964847088
-6.525811672 0.972011685 10.152474403 0.016169043 -0.237115607 -0.122256540 0.963622451
-6.665683270 0.967571974 10.339075089 0.014961450 -0.239981636 -0.123327218 0.962795675
-6.806697845 0.956878901 10.518130302 0.013173213 -0.240735769 -0.124495737 0.962483108
-6.940489769 0.945845366 10.704389572 0.010755094 -0.241730839 -0.123662189 0.962371230
-7.082957268 0.944082737 10.884737968 0.009245958 -0.240396604 -0.122869805 0.962822437
-7.206807613 0.929140925 11.063554764 0.006348063 -0.239517152 -0.120861791 0.963319123
-7.342176914 0.916554332 11.243603706 0.003463622 -0.236983418 -0.118854851 0.964209735
-7.474635124 0.907860160 11.421490669 0.001131082 -0.233213276 -0.116004497 0.965480864
-7.596360207 0.900374770 11.606686592 -0.001317754 -0.229135573 -0.112878554 0.966826618
-7.697539330 0.896623433 11.803660393 -0.003600367 -0.224315569 -0.109521635 0.968336046
-7.738622665 0.903974056 12.016412735 -0.005413823 -0.218858063 -0.106067471 0.969959557
-7.722948074 0.908802152 12.232769012 -0.008518424 -0.213351741 -0.102081515 0.971590459
-7.680563450 0.920737624 12.444325447 -0.010448118 -0.207719967 -0.098160505 0.973194659
-7.623701096 0.938946664 12.651913643 -0.011541090 -0.202267215 -0.094163887 0.974724591
-7.566351414 0.948430181 12.856569290 -0.013485733 -0.196090266 -0.090047933 0.976349413
-7.497760773 0.970201135 13.060065269 -0.013127359 -0.191322431 -0.086339921 0.977634311
-7.429025173 0.985723197 13.257419586 -0.013520214 -0.185996592 -0.082538687 0.978984118
-7.357441425 0.996924996 13.453331947 -0.014079184 -0.180680528 -0.078830652 0.980276585
-7.285608292 1.014568329 13.645660400 -0.013205680 -0.175289825 -0.075924136 0.981496155
-7.204895496 1.030782223 13.829776764 -0.011860195 -0.170679942 -0.073160894 0.982535124
-7.086893082 1.047813416 14.026329994 -0.009744585 -0.174150482 -0.071611740 0.982063353
-7.001134396 1.070496082 14.200345039 -0.006099754 -0.170315474 -0.069304764 0.982930481
-6.911270618 1.088930130 14.377826691 -0.002932639 -0.166753814 -0.068416379 0.983617723
-6.796489716 1.101668835 14.548364639 -0.000467831 -0.168713436 -0.068161614 0.983305454
-6.677894115 1.133581042 14.716362953 0.007937739 -0.171910942 -0.067318633 0.982777655
-6.652406216 1.126455784 14.846734047 0.012492736 -0.171940237 -0.067747585 0.982695699
-6.800110340 1.089734316 14.752513885 0.018546494 -0.173191369 -0.068999015 0.982293248
-6.942269325 1.051202536 14.636402130 0.023311706 -0.170991421 -0.070385531 0.982478738
-7.064432621 1.005988359 14.519453049 0.026722528 -0.171601638 -0.073176965 0.982081413
-7.150305271 0.982756317 14.404850006 0.035196967 -0.177632123 -0.075588919 0.980558217
-7.248332024 0.944221735 14.288337708 0.040490169 -0.177742407 -0.077470094 0.980186999
-7.323541164 0.904500008 14.167852402 0.045441136 -0.181287706 -0.080489613 0.979076743
-7.373529434 0.878580928 14.037113190 0.053642586 -0.188508764 -0.082751207 0.977107584
-7.418210506 0.852120638 13.917911530 0.061307255 -0.192801282 -0.084899195 0.975633740
-7.460483551 0.817807019 13.802227974 0.066354290 -0.196911439 -0.088333510 0.974176705
-7.477910995 0.790969372 13.692460060 0.072842702 -0.201971710 -0.091297083 0.972402334
-7.512248039 0.770660460 13.587767601 0.078990191 -0.203884155 -0.095070682 0.971160829
-7.515871525 0.748714030 13.490304947 0.084714539 -0.209461719 -0.098246813 0.969173312
-7.516351700 0.728568912 13.397913933 0.089572735 -0.215671211 -0.101495124 0.967037439
-7.513539314 0.705903232 13.313427925 0.093351468 -0.221792102 -0.103879035 0.965040386
-7.502304554 0.690245211 13.238437653 0.097461961 -0.228267267 -0.106788844 0.962803900
-7.497373104 0.671238363 13.164762497 0.099773839 -0.234083474 -0.109458916 0.960868835
-7.488862991 0.652603686 13.104642868 0.100581571 -0.241332948 -0.109047174 0.959036231
-7.476051807 0.640559673 13.046980858 0.101194061 -0.247718275 -0.108688511 0.957383037
-7.464091301 0.625394344 13.000728607 0.100726917 -0.254451424 -0.108421020 0.955695331
-7.454740524 0.613870800 12.957421303 0.099898346 -0.261001319 -0.108523659 0.954002798
-7.446061611 0.597806931 12.924329758 0.097405076 -0.267462641 -0.108521916 0.952469945
-7.441450596 0.599148095 12.893295288 0.096957125 -0.273004949 -0.109207466 0.950863540
-7.437584877 0.596026540 12.874521255 0.094843373 -0.278843552 -0.109179907 0.949384451
-7.434200287 0.593122005 12.862371445 0.092617504 -0.284520894 -0.109881975 0.947837412
-7.433308601 0.591201186 12.857857704 0.089978278 -0.289815724 -0.110786937 0.946381092
-7.429888248 0.591961682 12.847829819 0.087351486 -0.294945210 -0.111749411 0.944928169
-7.428065300 0.583920896 12.837025642 0.083562411 -0.299725741 -0.112851828 0.943634629
-7.425208569 0.582747519 12.817517281 0.080693625 -0.303773403 -0.113720767 0.942484975
-7.414913177 0.583059311 12.801679611 0.078110062 -0.308439761 -0.114822902 0.941052318
-7.410216331 0.578066409 12.779824257 0.074836679 -0.311861098 -0.116053894 0.940039217
-7.402525425 0.571122944 12.755615234 0.071503505 -0.315270871 -0.117182769 0.939020634
-7.393618584 0.560979962 12.730560303 0.067771517 -0.318395376 -0.118099362 0.938127935
-7.382767200 0.556336045 12.703678131 0.065410070 -0.321155906 -0.119383343 0.937191606
-7.375120640 0.547476351 12.666288376 0.062378943 -0.322692782 -0.120397352 0.936740577
-7.362284660 0.536227703 12.631311417 0.059592690 -0.324431628 -0.121346489 0.936198711
-7.349288940 0.530069828 12.596538544 0.057738382 -0.325696737 -0.122002602 0.935790241
-7.334355831 0.519540846 12.551167488 0.055531118 -0.325675994 -0.121762052 0.935962379
-7.320357323 0.515552342 12.509925842 0.054054409 -0.325566500 -0.121244408 0.936154008
-7.300292969 0.495660484 12.461982727 0.051261541 -0.325321913 -0.120702133 0.936466157
-7.282167435 0.487622142 12.415154457 0.050310858 -0.324163884 -0.120073698 0.937000036
-7.260225773 0.481039345 12.360446930 0.050011955 -0.322891355 -0.119549930 0.937522233
-7.237488747 0.465357244 12.309776306 0.048697911 -0.321212083 -0.118464969 0.938305616
-7.211113930 0.452934086 12.252444267 0.048073892 -0.319321722 -0.117324948 0.939125896
-7.183149815 0.438732207 12.199607849 0.047411602 -0.317296118 -0.115832761 0.940030873
-7.153453827 0.424224317 12.136507988 0.046968430 -0.315110236 -0.113969520 0.941015720
-7.123104572 0.414357990 12.071293831 0.047022734 -0.312055111 -0.112120241 0.942252457
-7.083782673 0.396491766 12.007995605 0.046559416 -0.309725821 -0.109827481 0.943313420
-7.048930168 0.383018881 11.937514305 0.046751954 -0.306565285 -0.107358530 0.944619656
-7.002849102 0.364942491 11.869026184 0.046249658 -0.303954780 -0.104392573 0.945819557
-6.956006527 0.355138779 11.796274185 0.046724424 -0.301134348 -0.101158999 0.947049022
-6.911481857 0.340191960 11.724328995 0.046486899 -0.298058927 -0.097249761 0.948442161
-6.859548569 0.322045028 11.647021294 0.045880083 -0.294894636 -0.092591904 0.949925780
-6.793127060 0.319758326 11.574173927 0.047270752 -0.293270379 -0.088439912 0.950755715
-6.734749317 0.299501449 11.497990608 0.046210468 -0.290368259 -0.082819819 0.952203631
-6.662629604 0.283399314 11.426450729 0.045606058 -0.288927615 -0.076801524 0.953175008
-6.588705540 0.275498062 11.346007347 0.045636456 -0.286840618 -0.070374779 0.954299331
-6.511586189 0.272299290 11.263568878 0.045938376 -0.285098016 -0.062942065 0.955325663
-6.426725388 0.255978346 11.187939644 0.044781476 -0.284089327 -0.055424258 0.956146479
-6.349330902 0.254397869 11.105365753 0.044563908 -0.282170594 -0.046372395 0.957206070
-6.260116577 0.250099242 11.016210556 0.044157475 -0.280699342 -0.038364280 0.958011568
-6.160813808 0.245434493 10.937915802 0.043897420 -0.280218899 -0.029315641 0.958483696
-6.065920830 0.236411572 10.849724770 0.043054689 -0.278855443 -0.020368418 0.959151268
-5.963143826 0.228919536 10.771095276 0.042368755 -0.278889716 -0.010560341 0.959329963
-5.864044666 0.217292413 10.681230545 0.041713838 -0.277924627 -0.001200704 0.959696054
-5.754328728 0.200524509 10.590341568 0.040777631 -0.277298242 0.008439254 0.959881127
-5.638497353 0.194655359 10.509401321 0.040942490 -0.277366251 0.018298006 0.959717095
-5.522356033 0.182176992 10.413414001 0.040123649 -0.275887817 0.028385919 0.959932446
-5.399216652 0.173522502 10.332922935 0.039697398 -0.275335789 0.038467925 0.959757566
-5.268970966 0.152821571 10.244878769 0.039102513 -0.274025708 0.047339179 0.959760368
-5.138211250 0.148756832 10.175439835 0.038647916 -0.272621274 0.057492815 0.959624231
-4.991855145 0.135123432 10.111551285 0.037670106 -0.271329522 0.066784449 0.959427536
-4.850641251 0.115781128 10.041237831 0.036868315 -0.268792510 0.075223848 0.959548175
-4.699133396 0.095079899 9.997583389 0.036203124 -0.267348826 0.083153471 0.959322393
-4.536265373 0.090711594 9.946310997 0.035852604 -0.265199721 0.091388613 0.959182918
-4.373311520 0.084853709 9.901885986 0.035767134 -0.262408376 0.098913468 0.959207356
-4.198047161 0.084824383 9.853463173 0.036458999 -0.259048432 0.105798014 0.959359944
-4.023709297 0.084335089 9.818312645 0.035976082 -0.255435377 0.112325132 0.959604919
-3.848168373 0.091148674 9.786908150 0.036430698 -0.251221329 0.118199728 0.959994555
-3.662842989 0.099390388 9.760870934 0.037031900 -0.247170135 0.123429015 0.960364997
-3.467559099 0.107717991 9.735621452 0.036640596 -0.242607042 0.128190458 0.960919619
-3.275277138 0.125234127 9.717649460 0.037317544 -0.237688228 0.132291660 0.961566806
-3.076689482 0.147830367 9.707980156 0.037891969 -0.233561739 0.135467634 0.962113142
-2.876061201 0.175078928 9.706738472 0.037785355 -0.228745744 0.139277339 0.962730289
-2.674562931 0.210791230 9.720052719 0.038796153 -0.225230217 0.141431317 0.963204741
-2.471707821 0.253971279 9.735944748 0.039560720 -0.221013367 0.143466771 0.963849247
-2.267580509 0.307430208 9.765539169 0.040790424 -0.217370674 0.145117760 0.964379072
-2.063596249 0.361039221 9.803829193 0.040578544 -0.213884950 0.145577684 0.965097845
-1.859627962 0.427439988 9.848062515 0.042256154 -0.210449308 0.146861061 0.965586543
-1.650214911 0.490911543 9.901751518 0.042100638 -0.208215341 0.146595493 0.966117859
-1.449001908 0.557825148 9.963596344 0.042709209 -0.205001310 0.145480424 0.966946721
-1.211932659 0.576318324 10.076630592 0.034104895 -0.214318797 0.136105731 0.966633141
-1.016097784 0.686957002 10.134278297 0.040397920 -0.207926005 0.141681477 0.966985643
-0.815700710 0.784013271 10.228201866 0.043251570 -0.206993669 0.145251036 0.966532528
-0.616370022 0.844079196 10.321947098 0.042474084 -0.208255500 0.142551959 0.966697812
-0.421993554 0.902852356 10.416959763 0.041912742 -0.210522190 0.140165031 0.966580331
-0.234063268 0.953500330 10.516051292 0.041031368 -0.214518309 0.136982083 0.966195822
-0.062015176 0.997397065 10.611682892 0.039510027 -0.218123093 0.133071497 0.965998650
0.115094900 1.037935734 10.710081100 0.037369758 -0.224306747 0.128669843 0.965263724
0.284556687 1.070950747 10.814533234 0.034079488 -0.231319785 0.123644389 0.964386761
0.440497339 1.101089120 10.906520844 0.031249486 -0.238384962 0.118187584 0.963445783
0.563194335 0.978042781 11.004088402 0.012742301 -0.244196504 0.095285222 0.964948952
0.745502949 1.169397593 11.095928192 0.025466407 -0.255469650 0.107064895 0.960533082
0.879901886 1.195151091 11.177436829 0.022144739 -0.262852132 0.100624487 0.959319115
0.999326706 1.167480230 11.258386612 0.012709225 -0.270701051 0.089606315 0.958399832
1.148278117 1.258471012 11.346126556 0.015758308 -0.281186283 0.089079373 0.955379903
1.283726573 1.298591375 11.431999207 0.013448101 -0.290145367 0.083640195 0.953225672
1.425747752 1.340733528 11.517467499 0.011051075 -0.299021572 0.078233667 0.950969756
1.567218184 1.378363729 11.607366562 0.008315068 -0.307702839 0.072544046 0.948676586
1.704206586 1.439431667 11.692646027 0.008157555 -0.314990044 0.068712786 0.946569264
1.854377508 1.482813001 11.788164139 0.006126451 -0.323098660 0.063629285 0.944203913
2.002964973 1.531416535 11.878061295 0.004430174 -0.329648018 0.059666678 0.942206204
2.149422169 1.581376553 11.970644951 0.004209703 -0.335624397 0.055187393 0.940368533
2.311383247 1.646019220 12.077833176 0.004775087 -0.342086941 0.052391715 0.938194454
2.454178572 1.707403660 12.164805412 0.005718057 -0.344270945 0.050051294 0.937517881
2.605618477 1.737368822 12.260011673 0.004971513 -0.346945256 0.045707922 0.936757743
2.767366171 1.780654907 12.364242554 0.005090303 -0.349210948 0.043304283 0.936029196
2.929034948 1.826035857 12.459596634 0.006189822 -0.349105865 0.041676380 0.936135650
3.092155457 1.878620148 12.561243057 0.008690936 -0.347868323 0.041068017 0.936603248
3.257271528 1.929494739 12.666588783 0.011667522 -0.345593899 0.041330505 0.937400937
3.424648285 1.978238344 12.771414757 0.015216863 -0.342118144 0.042034980 0.938592970
3.595071793 2.022086620 12.874600410 0.018720476 -0.337232769 0.043320026 0.940237761
3.774769306 2.066121340 12.985755920 0.023044569 -0.332678169 0.045178521 0.941675723
3.960216761 2.108032942 13.093131065 0.028432889 -0.326277018 0.047396578 0.943656981
4.155860424 2.142159224 13.200775146 0.033114772 -0.319463044 0.051162884 0.945636988
4.340212822 2.157271862 13.306632042 0.036977340 -0.311437249 0.053425528 0.948042929
4.569825649 2.171399355 13.405384064 0.040693961 -0.304082304 0.057389531 0.950044513
4.787542820 2.179813862 13.496424675 0.045402054 -0.295504600 0.060719397 0.952328205
5.042200089 2.182329178 13.592210770 0.048987180 -0.288891703 0.065719619 0.953846395
5.248816490 2.196923971 13.649608612 0.054904733 -0.277877957 0.069846414 0.956499279
5.472417831 2.208812714 13.704666138 0.059480716 -0.269110322 0.075126648 0.958330750
5.681215763 2.216897488 13.746119499 0.062773161 -0.259810925 0.081039049 0.960203409
5.886362553 2.222443104 13.781143188 0.065423511 -0.250830680 0.087244555 0.961869121
6.087477207 2.239920139 13.821308136 0.069937274 -0.242954925 0.093404584 0.962993920
6.275792122 2.245575190 13.848363876 0.072036140 -0.234982401 0.099789649 0.964176416
6.459204674 2.242840528 13.868810654 0.072671212 -0.227137208 0.106150508 0.965328753
6.634384155 2.271139145 13.898859978 0.076778747 -0.220997080 0.113670766 0.965579808
6.804770470 2.264506102 13.915718079 0.076238878 -0.214982912 0.120554291 0.966145277
6.955988884 2.260409117 13.932302475 0.075555086 -0.209176749 0.127946392 0.966522813
7.096802711 2.279088497 13.946353912 0.075956598 -0.204022333 0.136380866 0.966439784
7.217103481 2.276264668 13.941509247 0.074151918 -0.197275758 0.144682512 0.966773391
7.338869572 2.268143177 13.951022148 0.073132217 -0.192499548 0.150728464 0.966890156
7.455247879 2.270375490 13.956868172 0.071281582 -0.189081222 0.158223748 0.966505349
7.563695431 2.267481565 13.966345787 0.068756878 -0.186077595 0.165834814 0.965995073
7.661063671 2.264021397 13.970496178 0.065765515 -0.183362141 0.172936827 0.965477169
7.750091553 2.262307644 13.976711273 0.062844716 -0.181175470 0.179685220 0.964851916
7.832638741 2.263520002 13.982201576 0.059994761 -0.179590657 0.186920330 0.963954747
7.903573036 2.259852648 13.985760689 0.056636177 -0.178244740 0.193209603 0.963167310
7.967379570 2.255726099 13.989839554 0.052878186 -0.177038565 0.199376762 0.962346196
8.017277718 2.248792410 13.996438026 0.048901130 -0.175895110 0.204454035 0.961700678
8.062622070 2.256785631 13.990130424 0.046527777 -0.175358102 0.209999502 0.960721076
8.094112396 2.242816925 13.997131348 0.041948777 -0.174605057 0.213826001 0.960224926
8.124780655 2.246512413 14.001177788 0.039017729 -0.174837872 0.217786759 0.959415555
8.137814522 2.247036219 13.996804237 0.036000110 -0.174493641 0.220998719 0.958861589
8.145126343 2.244489193 13.994647026 0.033197895 -0.174291059 0.223142162 0.958503127
8.155057907 2.246856689 14.000867844 0.030770952 -0.174529508 0.224951118 0.958117783
8.167463303 2.246813774 14.002458572 0.028617132 -0.174252242 0.225667596 0.958066523
8.182820320 2.236662388 14.000348091 0.025842205 -0.174316078 0.224570185 0.958391607
8.200124741 2.246443987 13.997582436 0.025278993 -0.173984334 0.224520132 0.958478630
8.222539902 2.248326302 13.995212555 0.024507903 -0.173863128 0.222581550 0.958972633
8.244518280 2.244409561 14.004243851 0.023365673 -0.173548102 0.220376223 0.959567368
8.277904510 2.248026133 14.000106812 0.023170114 -0.173878074 0.217368454 0.960198224
8.306587219 2.239777327 14.006580353 0.022299383 -0.173766300 0.213648260 0.961073637
8.341158867 2.243315697 14.001408577 0.022566261 -0.173679113 0.209946439 0.961898565
8.384020805 2.239929676 14.009354591 0.022409830 -0.174591005 0.205522344 0.962692320
8.423345566 2.246417046 14.014425278 0.023360182 -0.174680114 0.201504797 0.963502526
8.463736534 2.236439466 14.014046669 0.023072926 -0.174423292 0.196549445 0.964578986
8.515144348 2.233453274 14.009458542 0.023492999 -0.175111711 0.191083074 0.965542018
8.568587303 2.244730711 14.011577606 0.025262050 -0.176290274 0.186476976 0.966183186
8.622797966 2.236640453 14.007444382 0.025366463 -0.176575497 0.181208432 0.967130423
8.685604095 2.250621557 14.010203362 0.027520463 -0.178041056 0.178402692 0.967324436
8.734230042 2.228790522 14.023088455 0.026590846 -0.178279877 0.173441902 0.968208253
8.799449921 2.243090630 14.017053604 0.028716359 -0.179825306 0.169244736 0.968604386
8.864562988 2.233984232 14.022428513 0.028923785 -0.181015596 0.165888563 0.968957067
8.948837280 2.214919090 14.030283928 0.028166560 -0.183869988 0.162187085 0.969068587
9.032056808 2.219764709 14.023159981 0.029330797 -0.186522752 0.159258619 0.969012737
9.113286972 2.214069843 14.022766113 0.029628877 -0.189207271 0.157463580 0.968776524
9.195241928 2.188800097 14.032440186 0.027754679 -0.191695109 0.156258419 0.968538105
9.257901192 2.199394703 14.022257805 0.030164875 -0.192423016 0.155109346 0.968506396
9.341309547 2.202511787 14.001178741 0.031182282 -0.193906322 0.155987665 0.968037188
9.473846436 2.153474808 14.033467293 0.026260931 -0.200542212 0.155940607 0.966838002
9.567579269 2.143316269 14.031929016 0.026238084 -0.204112872 0.156226560 0.966044962
9.662510872 2.131649017 14.027141571 0.025391087 -0.206886292 0.157578290 0.965257764
9.761934280 2.119198322 14.026569366 0.025077637 -0.210553274 0.158473909 0.964325964
9.863499641 2.106617451 14.020679474 0.024745544 -0.213955462 0.159800589 0.963366270
9.970733643 2.090731621 14.011513710 0.024534287 -0.217575252 0.160558552 0.962434471
10.077436447 2.074392319 14.011959076 0.024293888 -0.221610487 0.161332622 0.961389840
10.190752983 2.060675859 13.995706558 0.024957703 -0.225254983 0.161541119 0.960490406
10.300964355 2.046405315 13.992509842 0.024223151 -0.228743926 0.163275391 0.959390759
10.412237167 1.994572878 13.997782707 0.024496783 -0.234604284 0.158781275 0.958722770
10.082271576 2.155447245 14.149798393 0.035493106 -0.232213363 0.167476445 0.957480490
10.662227631 1.981770873 13.951142311 0.026583407 -0.242032766 0.159676075 0.956669748
10.802222252 1.973363757 13.941712379 0.027009802 -0.246739492 0.160096258 0.955384374
10.924609184 1.931607008 13.940538406 0.026634615 -0.250936091 0.157208443 0.954781234
0.000000000 0.000000000 0.000000000 -0.000000000 -0.000000000 -0.000000000 1.000000000
0.076462373 -0.074693710 -0.091094561 -0.000255501 -0.003931898 -0.005807422 0.999975383
0.144360885 -0.155088633 -0.189601853 0.000485859 -0.006208355 -0.016854301 0.999838591
0.181905076 -0.246400625 -0.296384394 0.001123242 -0.008626445 -0.027624218 0.999580562
0.041026361 -0.225187317 -0.262088001 0.002778422 -0.011174601 -0.038823560 0.999179780
-0.098653726 -0.174776658 -0.187954992 0.002365657 -0.012382898 -0.049085043 0.998715043
-0.238270372 -0.114642560 -0.106784508 0.003283122 -0.014601968 -0.060071304 0.998081923
-0.380202293 -0.052297309 -0.019633902 0.004165278 -0.016861677 -0.070812345 0.997338414
-0.525511503 0.012561750 0.076363876 0.004902706 -0.018988093 -0.081685647 0.996465206
-0.670145631 0.075878978 0.185998008 0.005343612 -0.021083372 -0.092117406 0.995510578
-0.818104506 0.143123612 0.302169591 0.007100993 -0.023109810 -0.103753664 0.994309187
-0.956910014 0.207017571 0.439784765 0.008268890 -0.025846323 -0.114908136 0.993005455
-1.088684559 0.259561479 0.598618686 0.008812224 -0.027333183 -0.124759525 0.991771340
-1.190658212 0.295285672 0.787488639 0.009693759 -0.029817244 -0.135544375 0.990275085
-1.253519893 0.309580445 1.002484322 0.010716246 -0.032082327 -0.146065950 0.988696456
-1.283394575 0.299956739 1.233365536 0.010295168 -0.033763081 -0.156217352 0.987091839
-1.283611298 0.295790315 1.468296766 0.011411484 -0.036682650 -0.167642713 0.985099018
-1.276077747 0.298311740 1.713896275 0.012395199 -0.038877945 -0.178184584 0.983150601
-1.262777805 0.303886831 1.972873449 0.012812470 -0.041841745 -0.190141886 0.980780959
-1.253008366 0.324855775 2.208872795 0.014211610 -0.043562662 -0.200593665 0.978602350
-1.230693936 0.345716357 2.433239937 0.015588549 -0.046113152 -0.211453348 0.976175308
-1.195181608 0.351940155 2.677926064 0.014621382 -0.049626529 -0.222062156 0.973658979
-1.116329074 0.362591803 2.892672062 0.016981756 -0.048559602 -0.227331206 0.972457767
-0.969602346 0.359554201 3.066634893 0.019347213 -0.047420740 -0.231825158 0.971408308
-0.804133534 0.347475708 3.225443602 0.020753603 -0.045717504 -0.234951124 0.970709622
-0.634555995 0.338322043 3.373830318 0.022770155 -0.043671839 -0.236917183 0.970280647
-0.463191956 0.331647843 3.513648272 0.025078816 -0.041364320 -0.237887383 0.970087469
-0.290984809 0.324900836 3.649137974 0.027417978 -0.038850013 -0.238739938 0.969918728
-0.116369925 0.316612631 3.785762072 0.029924419 -0.036312059 -0.237767026 0.970181882
0.054263778 0.309174478 3.916477442 0.032142352 -0.033376638 -0.236615628 0.970497787
0.224413753 0.303399116 4.043630600 0.034760926 -0.030375276 -0.235234156 0.970841885
0.397639841 0.301141351 4.169305801 0.037793886 -0.027979020 -0.232512042 0.971456110
0.564552784 0.292346120 4.294074059 0.039622862 -0.025025884 -0.230086878 0.972041070
0.728814125 0.284416884 4.418985844 0.041407548 -0.021771975 -0.227342486 0.972690463
0.890567541 0.279536456 4.535701752 0.043328546 -0.018517615 -0.224522904 0.973328948
1.053423882 0.272021055 4.655103683 0.045051854 -0.015742656 -0.221538216 0.973983228
1.213253498 0.264027476 4.773938179 0.046090521 -0.013215843 -0.218725666 0.974607706
1.375288248 0.258154094 4.888989925 0.047801256 -0.011065453 -0.215718359 0.975222170
1.530111432 0.246795177 5.004935741 0.047464259 -0.008604242 -0.213413671 0.975770295
1.685797572 0.239293903 5.115827560 0.047513604 -0.006622253 -0.211412653 0.976218879
1.843320966 0.236577094 5.224076271 0.048106235 -0.004833804 -0.209254563 0.976665258
1.999907374 0.232536137 5.329721928 0.047952741 -0.003719926 -0.207550749 0.977041185
2.156715393 0.226258248 5.432617188 0.046568252 -0.003113236 -0.207303703 0.977162659
2.309036016 0.224137336 5.534287453 0.046013437 -0.002327128 -0.206738502 0.977310896
2.464014530 0.221801460 5.634094238 0.044332325 -0.002656491 -0.206814006 0.977371752
2.615281343 0.220583439 5.730857372 0.042830084 -0.002683035 -0.207440779 0.977305889
2.765905142 0.216185689 5.828044891 0.040621743 -0.003118433 -0.208431482 0.977188051
2.909806967 0.212853327 5.917774677 0.038107138 -0.003964481 -0.209993318 0.976951897
3.047721624 0.223758280 5.997355938 0.038571689 -0.003952929 -0.210105881 0.976909518
3.178633928 0.223795146 6.078158855 0.036783691 -0.004860403 -0.211842656 0.976599216
3.303473234 0.223501772 6.154611588 0.034938455 -0.005907878 -0.213222399 0.976360917
3.418848038 0.227482289 6.223345280 0.034142245 -0.006468644 -0.214332685 0.976142406
3.530032158 0.227221474 6.290955067 0.032911275 -0.007303986 -0.215508729 0.975919843
3.632799387 0.228764415 6.355237484 0.032136671 -0.007917553 -0.216660947 0.975685716
3.731206179 0.227676138 6.411213875 0.031472251 -0.008730521 -0.217794791 0.975447953
3.820047855 0.230578884 6.465022564 0.031863093 -0.009229532 -0.218080088 0.975366950
3.901213408 0.231052592 6.513432026 0.032377381 -0.009292910 -0.218294233 0.975301504
3.977838278 0.233013362 6.557310104 0.034134690 -0.009395657 -0.217743695 0.975363672
4.045654774 0.232715368 6.598674297 0.035950813 -0.009001859 -0.217043266 0.975458205
4.105236530 0.233873501 6.636721611 0.039050043 -0.008041767 -0.215378180 0.975716531
4.160906315 0.233575895 6.668483257 0.042774044 -0.007389925 -0.213294029 0.976023316
4.207283497 0.235857666 6.696610928 0.047748685 -0.005693744 -0.210504279 0.976409554
4.245675564 0.236306787 6.721418858 0.056241155 0.001089351 -0.202800795 0.977603018
4.280601501 0.232414365 6.742794514 0.063988253 0.007120869 -0.195937529 0.978500545
4.304206371 0.231953353 6.760612488 0.072516710 0.014128080 -0.188372359 0.979314864
4.322258472 0.231236905 6.773388863 0.080839060 0.020965492 -0.181136310 0.979905725
4.335014820 0.227594584 6.781722069 0.088590480 0.027161082 -0.173932463 0.980388463
4.339480877 0.226133764 6.786178112 0.096806072 0.033676028 -0.166606486 0.980681837
4.347935200 0.223243326 6.793900967 0.104696922 0.040226232 -0.159390181 0.980823815
4.360683441 0.224734813 6.803119183 0.113677599 0.047007788 -0.151629373 0.980752885
4.377151966 0.221599609 6.813496113 0.121388771 0.053577226 -0.144347385 0.980590701
4.397789478 0.220832258 6.829189301 0.129814476 0.060215179 -0.136741742 0.980216324
4.420643806 0.220570207 6.844246387 0.138119921 0.066799857 -0.129100427 0.979690671
4.452548027 0.217662662 6.863604546 0.145879045 0.073010869 -0.121854760 0.979050636
4.485068321 0.215576917 6.883838654 0.153795809 0.079650573 -0.114245847 0.978238523
4.522085667 0.211933017 6.907024384 0.161276996 0.086259350 -0.107141271 0.977276802
4.563039303 0.211767972 6.932858944 0.169573009 0.092716523 -0.099360906 0.976102471
4.606483459 0.214276940 6.962419510 0.178351671 0.099565201 -0.091416776 0.974638641
4.657986641 0.210214436 6.990635395 0.185675681 0.105600730 -0.084139228 0.973290145
4.711231709 0.210016400 7.023149014 0.193806306 0.112278044 -0.076552451 0.971582532
4.767961025 0.205742866 7.058340549 0.201263651 0.118619241 -0.069113515 0.969868958
4.830515385 0.206779569 7.093011856 0.209091887 0.124912091 -0.061376698 0.967941403
4.896146297 0.208373755 7.134758949 0.208753303 0.135060355 -0.059123360 0.966791213
4.965110779 0.207641065 7.178438187 0.207976863 0.145321384 -0.056926511 0.965601742
5.041487694 0.207459241 7.221126080 0.206629798 0.154913887 -0.055296838 0.964493692
5.118952274 0.213760525 7.268983841 0.206903994 0.165127203 -0.052631848 0.962888181
5.202454567 0.206186175 7.321276188 0.204901576 0.175085187 -0.050888959 0.961650074
5.289039612 0.210050106 7.375211239 0.204837054 0.185240984 -0.048414525 0.959887326
5.381063938 0.213258266 7.425547600 0.203913197 0.194998831 -0.046280231 0.958255231
5.475653172 0.211381376 7.483983517 0.202156231 0.204922810 -0.044938602 0.956619084
5.574502468 0.213832527 7.542877197 0.201544985 0.214783624 -0.042475317 0.954695523
5.676760674 0.216314942 7.602622986 0.200622573 0.224758551 -0.040433403 0.952680051
5.788529873 0.217417270 7.668158531 0.199305519 0.234341636 -0.038579307 0.950722337
5.896097660 0.220525324 7.730862617 0.198528469 0.244361743 -0.036339063 0.948447824
6.013484001 0.222672969 7.797440052 0.197372243 0.253944486 -0.034234103 0.946247578
6.131923199 0.226380438 7.868722916 0.196390107 0.263854891 -0.032067642 0.943813145
6.253796101 0.231583297 7.941433907 0.195730880 0.273747146 -0.029913295 0.941199899
6.387394428 0.230171025 8.012259483 0.194072768 0.283073187 -0.027939240 0.938842297
6.518323421 0.235948741 8.085490227 0.193556249 0.292785436 -0.025461150 0.936036527
6.654603004 0.237434864 8.165109634 0.192142576 0.302388489 -0.023076607 0.933332682
6.797811508 0.241571456 8.242979050 0.191109836 0.311681569 -0.021181356 0.930528343
6.938939095 0.245825648 8.328965187 0.190009698 0.321692109 -0.018958557 0.927389383
7.083337784 0.253821522 8.409695625 0.191768870 0.314720094 -0.023848930 0.929304719
7.235801220 0.255234420 8.500186920 0.193006650 0.308141500 -0.029047981 0.931103408
7.391912937 0.259165853 8.584665298 0.193988815 0.300598800 -0.034076110 0.933192134
7.549954414 0.267427504 8.673615456 0.195693031 0.293445051 -0.039124385 0.934913695
7.712280273 0.276542902 8.766495705 0.196648926 0.286430806 -0.044654068 0.936639071
7.880381584 0.288964629 8.859689713 0.198514819 0.279053062 -0.049828548 0.938210249
8.052544594 0.290366054 8.950412750 0.198928952 0.271349698 -0.054938376 0.940094888
8.228271484 0.299459398 9.048305511 0.200395688 0.264038354 -0.059791144 0.941568077
8.404637337 0.314540803 9.151592255 0.202035919 0.256964058 -0.065187767 0.942815781
8.585833549 0.327952623 9.256505013 0.203852087 0.249646142 -0.070048235 0.944041550
8.776524544 0.341107726 9.358798027 0.204871148 0.241762862 -0.075410277 0.945458531
8.967854500 0.356899679 9.465684891 0.206186086 0.234737635 -0.080414690 0.946529984
9.161419868 0.377551913 9.571721077 0.207358629 0.227847919 -0.085620947 0.947500288
9.371063232 0.405749559 9.665693283 0.208491847 0.220269948 -0.090790607 0.948561788
9.593379021 0.454685569 9.713271141 0.209966809 0.212950394 -0.096244164 0.949369907
9.820398331 0.499458790 9.720225334 0.210879847 0.205339864 -0.100788727 0.950371981
10.046569824 0.548035681 9.720195770 0.212306365 0.197635427 -0.106143452 0.951104522
10.268799782 0.596156240 9.717616081 0.214077234 0.190170467 -0.111329205 0.951636493
10.496356964 0.621595263 9.705205917 0.213163778 0.181309417 -0.115847252 0.953030765
10.709243774 0.655908465 9.687568665 0.214083910 0.174123600 -0.120899178 0.953536868
10.923312187 0.695010662 9.668734550 0.210314378 0.168588251 -0.123288289 0.955063283
11.116732597 0.727834046 9.644173622 0.205629170 0.164915517 -0.125769258 0.956400394
