#Image Rect[ms], Image Resize[ms], ORB ext[ms], Stereo match[ms], IMU preint[ms], Pose pred[ms], LM track[ms], KF dec[ms], Total[ms]
0.000000,0.000000,561.152294,0.000000,0.000000,1499.212277,1378.566520,0.349193,563.724740
0.000000,0.000000,501.254992,0.000000,0.000000,1478.762257,45.095294,0.290754,3610.021211
0.000000,0.000000,474.719215,0.000000,0.000000,124.598163,37.913454,0.264406,616.584781
0.000000,0.000000,476.250802,0.000000,0.000000,100.137031,39.936418,0.279664,596.768848
0.000000,0.000000,473.458501,0.000000,0.000000,95.251176,39.503121,0.282400,613.671478
0.000000,0.000000,478.005296,0.000000,0.000000,91.035000,39.134558,0.337609,3357.704777
0.000000,0.000000,477.461879,0.000000,0.000000,96.034935,41.792878,0.257747,2003.041066
0.000000,0.000000,471.443064,0.000000,0.000000,96.808449,36.117477,0.066849,635.992608
0.000000,0.000000,494.722573,0.000000,0.000000,95.466419,37.652489,0.255575,636.585056
0.000000,0.000000,476.294766,0.000000,0.000000,97.163116,37.413962,0.262205,612.881281
0.000000,0.000000,472.411410,0.000000,0.000000,97.556910,36.081115,0.351317,604.397476
0.000000,0.000000,475.317872,0.000000,0.000000,97.112990,36.686031,0.264875,614.960503
0.000000,0.000000,481.315848,0.000000,0.000000,95.066850,36.076787,0.265886,616.181866
0.000000,0.000000,468.931176,0.000000,0.000000,91.268863,34.382193,0.350669,603.724202
0.000000,0.000000,473.325124,0.000000,0.000000,88.909578,35.850078,0.325530,610.507557
0.000000,0.000000,469.873920,0.000000,0.000000,87.926434,32.429264,0.270035,605.841217
0.000000,0.000000,482.117142,0.000000,0.000000,90.059436,34.249349,0.281600,632.518050
0.000000,0.000000,499.265094,0.000000,0.000000,89.754725,33.642088,0.061892,632.473388
0.000000,0.000000,479.333367,0.000000,0.000000,90.928623,33.234598,0.319681,607.028431
0.000000,0.000000,476.230707,0.000000,0.000000,95.746896,33.211880,0.347863,602.896383
0.000000,0.000000,475.449486,0.000000,0.000000,99.716785,33.312221,0.035816,597.461466
0.000000,0.000000,480.966444,0.000000,0.000000,95.157567,32.025205,0.249891,606.956566
0.000000,0.000000,472.458261,0.000000,0.000000,97.787040,33.531477,0.036381,597.518679
0.000000,0.000000,467.851942,0.000000,0.000000,96.373270,34.725442,0.283868,593.967668
0.000000,0.000000,471.076860,0.000000,0.000000,96.450836,33.099269,0.037826,601.828688
0.000000,0.000000,472.563278,0.000000,0.000000,92.384072,30.986783,0.258986,608.197621
0.000000,0.000000,470.888311,0.000000,0.000000,86.259817,31.844032,0.232057,599.422582
0.000000,0.000000,471.066129,0.000000,0.000000,85.791703,29.611019,0.025230,604.238337
0.000000,0.000000,468.263319,0.000000,0.000000,89.460797,30.644920,0.249768,600.929216
0.000000,0.000000,534.153557,0.000000,0.000000,92.776601,31.057991,0.268997,665.236836
0.000000,0.000000,470.457382,0.000000,0.000000,94.822112,34.104641,0.277308,595.250331
0.000000,0.000000,470.339419,0.000000,0.000000,97.832712,33.818540,0.377287,589.862263
0.000000,0.000000,476.108880,0.000000,0.000000,101.178028,31.846893,0.349463,592.912916
0.000000,0.000000,487.385769,0.000000,0.000000,97.309513,31.630573,0.282997,608.851212
0.000000,0.000000,472.353541,0.000000,0.000000,101.098447,33.858199,0.021448,597.526947
0.000000,0.000000,470.384235,0.000000,0.000000,93.052431,31.811095,0.269083,600.969958
0.000000,0.000000,467.658467,0.000000,0.000000,89.662609,31.386090,0.020668,601.159300
0.000000,0.000000,470.791455,0.000000,0.000000,87.333272,31.485305,0.249667,605.383809
0.000000,0.000000,470.074419,0.000000,0.000000,88.204991,31.283649,0.018222,600.495088
0.000000,0.000000,471.238654,0.000000,0.000000,265.751305,118.915101,1.820944,607.430099
0.000000,0.000000,483.332405,0.000000,0.000000,91.274860,32.937318,0.276706,619.759388
0.000000,0.000000,475.124731,0.000000,0.000000,92.238070,32.237583,0.025828,597.644773
0.000000,0.000000,482.421108,0.000000,0.000000,92.925961,35.632601,0.260511,602.714608
0.000000,0.000000,469.898527,0.000000,0.000000,93.780329,33.256276,0.249805,590.940667
0.000000,0.000000,471.127375,0.000000,0.000000,94.734573,44.877833,0.030831,861.168766
0.000000,0.000000,960.780319,0.000000,0.000000,90.485307,36.678998,0.281797,1093.532201
0.000000,0.000000,472.609576,0.000000,0.000000,90.161423,38.557262,0.044959,598.791894
0.000000,0.000000,469.356567,0.000000,0.000000,91.449487,39.035015,0.248716,599.279767
0.000000,0.000000,479.156006,0.000000,0.000000,94.833664,38.832424,0.051953,607.615500
0.000000,0.000000,470.908057,0.000000,0.000000,114.837362,35.906752,0.351733,611.753072
0.000000,0.000000,469.094455,0.000000,0.000000,94.398954,38.462894,0.422205,598.049082
0.000000,0.000000,466.366621,0.000000,0.000000,102.360090,41.468695,0.040282,611.017483
0.000000,0.000000,469.430880,0.000000,0.000000,111.139212,43.212879,0.255595,601.536476
0.000000,0.000000,473.484969,0.000000,0.000000,111.834808,86.479902,0.330647,609.663555
0.000000,0.000000,470.021935,0.000000,0.000000,100.304397,41.065018,0.251175,622.673879
0.000000,0.000000,481.676786,0.000000,0.000000,102.203465,39.172932,0.039470,616.360616
0.000000,0.000000,474.267730,0.000000,0.000000,102.358041,38.584997,0.256056,619.512136
0.000000,0.000000,474.679660,0.000000,0.000000,99.203333,38.627323,0.046953,632.808242
0.000000,0.000000,477.046028,0.000000,0.000000,102.015960,39.159957,0.266758,680.635359
0.000000,0.000000,1264.391392,0.000000,0.000000,104.746937,38.633187,0.065027,1411.519833
0.000000,0.000000,475.806293,0.000000,0.000000,108.096558,42.180350,0.277028,618.976170
0.000000,0.000000,470.511135,0.000000,0.000000,105.384022,40.400703,0.057270,613.010631
0.000000,0.000000,472.310142,0.000000,0.000000,104.432262,38.593540,0.058199,611.816242
0.000000,0.000000,477.929897,0.000000,0.000000,108.285227,39.588787,0.275791,620.894209
0.000000,0.000000,472.617823,0.000000,0.000000,108.014931,38.711325,0.045045,617.942761
0.000000,0.000000,472.361086,0.000000,0.000000,116.479559,36.929180,0.272289,624.267140
0.000000,0.000000,560.817333,0.000000,0.000000,106.619724,38.649460,0.064942,708.441533
0.000000,0.000000,474.728683,0.000000,0.000000,104.897869,42.011570,0.263553,619.696277
0.000000,0.000000,483.966210,0.000000,0.000000,94.691426,42.261630,0.259111,633.913338
0.000000,0.000000,469.108470,0.000000,0.000000,86.074534,50.747806,0.330714,617.568486
0.000000,0.000000,472.467187,0.000000,0.000000,246.703533,189.614217,1.566220,631.513684
0.000000,0.000000,490.756958,0.000000,0.000000,83.794920,43.165241,0.332097,644.785651
0.000000,0.000000,470.878627,0.000000,0.000000,83.615310,40.123544,0.299486,619.482038
0.000000,0.000000,471.366454,0.000000,0.000000,82.003237,37.572587,0.302092,609.965555
0.000000,0.000000,473.541134,0.000000,0.000000,77.763110,33.890181,0.217952,612.247576
0.000000,0.000000,472.748717,0.000000,0.000000,74.739564,32.871609,0.238928,915.985966
0.000000,0.000000,972.880696,0.000000,0.000000,86.339055,37.612876,0.038097,1103.549484
0.000000,0.000000,474.292570,0.000000,0.000000,100.978182,37.867861,0.349734,600.154380
0.000000,0.000000,479.327302,0.000000,0.000000,113.862758,35.824787,0.029358,601.241500
0.000000,0.000000,472.048304,0.000000,0.000000,99.291362,36.331843,0.284895,585.382508
0.000000,0.000000,470.188777,0.000000,0.000000,93.420722,35.919561,0.030858,579.356143
0.000000,0.000000,474.206412,0.000000,0.000000,93.142522,37.673311,0.268020,601.789727
0.000000,0.000000,471.510265,0.000000,0.000000,94.238752,38.096025,0.032040,612.258686
0.000000,0.000000,471.455002,0.000000,0.000000,93.580996,39.934587,0.285375,623.344137
0.000000,0.000000,471.158901,0.000000,0.000000,93.994514,38.242887,0.255306,608.649973
0.000000,0.000000,470.657431,0.000000,0.000000,92.190245,45.037458,0.253521,608.875603
0.000000,0.000000,469.785722,0.000000,0.000000,100.187906,49.731179,0.037953,602.609781
0.000000,0.000000,473.279725,0.000000,0.000000,99.060192,43.499245,0.324323,607.106092
0.000000,0.000000,469.901873,0.000000,0.000000,94.529633,44.538898,0.240838,605.127606
0.000000,0.000000,472.943093,0.000000,0.000000,99.604667,48.001650,0.268157,607.459350
0.000000,0.000000,472.094645,0.000000,0.000000,359.238603,193.654786,2.110202,611.426238
0.000000,0.000000,476.624795,0.000000,0.000000,112.868481,47.096384,0.060078,628.458660
0.000000,0.000000,469.283426,0.000000,0.000000,108.262470,40.460960,0.265448,614.268167
0.000000,0.000000,473.276852,0.000000,0.000000,105.899020,40.984126,0.040988,613.960600
0.000000,0.000000,490.805246,0.000000,0.000000,104.752514,36.483749,0.054123,640.520264
0.000000,0.000000,472.880056,0.000000,0.000000,101.260298,41.221457,0.291009,1033.544673
0.000000,0.000000,830.479642,0.000000,0.000000,98.706345,34.802599,0.041503,999.493694
0.000000,0.000000,471.523798,0.000000,0.000000,98.761473,35.972126,0.242687,622.071318
0.000000,0.000000,488.808536,0.000000,0.000000,99.457217,35.646589,0.043431,637.612419
0.000000,0.000000,474.003426,0.000000,0.000000,98.288135,34.317788,0.267410,616.809634
0.000000,0.000000,475.961778,0.000000,0.000000,101.027459,37.487793,0.044302,620.153640
0.000000,0.000000,468.498978,0.000000,0.000000,97.132514,33.838896,0.269089,612.695280
0.000000,0.000000,471.635661,0.000000,0.000000,97.106359,36.047187,0.035657,607.915847
0.000000,0.000000,469.409486,0.000000,0.000000,94.306526,33.365418,0.250636,615.897162
0.000000,0.000000,470.162775,0.000000,0.000000,89.538601,34.352495,0.045198,604.426496
0.000000,0.000000,476.189611,0.000000,0.000000,90.058472,33.220297,0.283231,616.066927
0.000000,0.000000,484.128395,0.000000,0.000000,88.400734,32.982646,0.033097,616.886398
0.000000,0.000000,473.522570,0.000000,0.000000,88.911518,34.390548,0.252602,608.608641
0.000000,0.000000,470.807742,0.000000,0.000000,87.949583,31.876313,0.028376,599.984316
0.000000,0.000000,475.560381,0.000000,0.000000,85.824741,31.557771,0.330845,600.801024
0.000000,0.000000,471.895831,0.000000,0.000000,80.995551,32.417769,0.036210,596.693572
0.000000,0.000000,468.418758,0.000000,0.000000,78.923759,29.002584,0.204998,591.178069
0.000000,0.000000,472.047911,0.000000,0.000000,80.462572,28.455362,0.032714,598.346805
0.000000,0.000000,480.497909,0.000000,0.000000,83.189893,29.166744,0.247341,601.968837
0.000000,0.000000,470.378228,0.000000,0.000000,85.249363,36.211187,0.031695,589.255264
0.000000,0.000000,471.531448,0.000000,0.000000,84.404913,29.333302,0.237220,586.252654
0.000000,0.000000,470.013640,0.000000,0.000000,86.588312,28.054207,0.024364,579.174274
0.000000,0.000000,470.826612,0.000000,0.000000,91.520892,31.150372,0.034363,581.333276
0.000000,0.000000,472.496681,0.000000,0.000000,89.312528,27.348253,0.109188,586.423688
0.000000,0.000000,477.079197,0.000000,0.000000,83.918528,27.027091,0.028544,600.087124
0.000000,0.000000,470.752599,0.000000,0.000000,83.782839,27.591029,0.284878,585.870741
0.000000,0.000000,473.176502,0.000000,0.000000,79.098337,26.809444,0.279369,589.162459
0.000000,0.000000,470.178165,0.000000,0.000000,79.658618,27.655235,0.266455,594.286460
0.000000,0.000000,469.382087,0.000000,0.000000,89.841832,29.128369,0.271349,587.868273
0.000000,0.000000,467.550558,0.000000,0.000000,89.460269,26.450395,0.262140,579.881808
0.000000,0.000000,465.069160,0.000000,0.000000,83.806635,27.263466,0.274860,577.803834
0.000000,0.000000,465.030504,0.000000,0.000000,86.436667,28.175909,0.297652,572.302215
0.000000,0.000000,465.443547,0.000000,0.000000,88.305656,28.329206,0.326643,574.263982
0.000000,0.000000,466.157564,0.000000,0.000000,89.908807,29.617037,0.244093,586.432663
0.000000,0.000000,465.745965,0.000000,0.000000,93.637140,33.663012,0.295828,582.932629
0.000000,0.000000,466.410297,0.000000,0.000000,90.304631,30.280084,0.231012,578.793233
0.000000,0.000000,464.979673,0.000000,0.000000,87.481726,31.280154,0.234805,581.074115
0.000000,0.000000,465.827458,0.000000,0.000000,87.033904,32.130486,0.246558,583.951214
0.000000,0.000000,466.579635,0.000000,0.000000,88.331617,33.545479,0.026827,587.507506
0.000000,0.000000,471.061387,0.000000,0.000000,91.522979,35.020616,0.465487,599.963350
0.000000,0.000000,486.715930,0.000000,0.000000,90.390068,33.437065,0.029961,608.727992
0.000000,0.000000,473.179029,0.000000,0.000000,86.701902,34.073182,0.251957,593.259019
0.000000,0.000000,487.584548,0.000000,0.000000,91.402552,39.010906,0.031035,608.186922
0.000000,0.000000,466.380539,0.000000,0.000000,96.419467,36.146253,0.256555,589.752285
0.000000,0.000000,472.299523,0.000000,0.000000,95.375878,37.834426,0.034484,600.771854
0.000000,0.000000,484.202191,0.000000,0.000000,97.263714,37.513312,0.255149,610.570989
0.000000,0.000000,472.346965,0.000000,0.000000,102.013527,34.399613,0.044429,594.516461
0.000000,0.000000,472.168859,0.000000,0.000000,92.608038,36.899550,0.251236,613.273936
0.000000,0.000000,477.130000,0.000000,0.000000,91.532155,32.626020,0.043217,611.608782
0.000000,0.000000,469.700441,0.000000,0.000000,98.559205,34.926262,0.315724,611.591303
0.000000,0.000000,471.755498,0.000000,0.000000,102.185061,34.594832,0.038456,608.163470
0.000000,0.000000,472.978961,0.000000,0.000000,99.712719,35.630562,0.264607,610.838654
0.000000,0.000000,469.752690,0.000000,0.000000,113.209328,40.379345,0.035472,601.014638
0.000000,0.000000,474.671142,0.000000,0.000000,110.927668,35.847841,0.333247,600.149578
0.000000,0.000000,472.210246,0.000000,0.000000,97.238059,35.467512,0.251304,607.312049
0.000000,0.000000,473.085750,0.000000,0.000000,99.309098,42.796582,0.044693,611.672436
0.000000,0.000000,469.671169,0.000000,0.000000,106.767810,40.549254,0.345845,606.859099
0.000000,0.000000,471.643916,0.000000,0.000000,106.825667,37.000743,0.065752,626.732733
0.000000,0.000000,471.214106,0.000000,0.000000,105.840880,36.705867,0.346256,619.892930
0.000000,0.000000,469.100184,0.000000,0.000000,111.681305,40.652015,0.040641,603.706760
0.000000,0.000000,470.277926,0.000000,0.000000,116.684273,38.874407,0.038989,623.746061
0.000000,0.000000,476.178507,0.000000,0.000000,113.386065,34.982554,0.287813,625.273002
0.000000,0.000000,473.026036,0.000000,0.000000,113.332841,51.840990,0.048893,619.187468
0.000000,0.000000,471.310366,0.000000,0.000000,110.948922,36.084867,0.339529,615.649203
0.000000,0.000000,471.635581,0.000000,0.000000,107.233037,36.724433,0.034218,628.069490
0.000000,0.000000,469.873268,0.000000,0.000000,114.423326,40.244394,0.258438,627.135799
0.000000,0.000000,476.752207,0.000000,0.000000,123.694984,40.958392,0.046646,626.886805
0.000000,0.000000,470.813417,0.000000,0.000000,120.475162,39.191352,0.048435,638.047360
0.000000,0.000000,469.750320,0.000000,0.000000,119.797075,40.016815,0.045768,629.854546
0.000000,0.000000,473.815913,0.000000,0.000000,122.307528,39.387244,0.041787,619.449908
0.000000,0.000000,473.251608,0.000000,0.000000,120.627621,37.557513,0.029433,630.015980
0.000000,0.000000,472.355746,0.000000,0.000000,124.851790,39.934324,0.051877,638.865159
0.000000,0.000000,470.321615,0.000000,0.000000,127.411970,40.566198,0.360938,631.591174
0.000000,0.000000,471.135354,0.000000,0.000000,122.479852,39.488289,0.048261,632.255287
0.000000,0.000000,470.974794,0.000000,0.000000,121.200147,42.824770,0.276847,634.085346
0.000000,0.000000,471.229235,0.000000,0.000000,124.959159,42.894371,0.271243,630.942239
0.000000,0.000000,474.168803,0.000000,0.000000,121.390931,42.605162,0.269505,640.468675
0.000000,0.000000,471.468482,0.000000,0.000000,117.075479,124.938755,2.382615,641.393735
0.000000,0.000000,479.872996,0.000000,0.000000,122.741504,44.701935,0.332979,643.332202
0.000000,0.000000,471.420703,0.000000,0.000000,110.151766,40.273933,0.254919,637.184464
0.000000,0.000000,473.412834,0.000000,0.000000,92.383570,35.699904,0.288677,643.082528
0.000000,0.000000,470.039852,0.000000,0.000000,97.568307,36.340402,0.031658,635.755347
0.000000,0.000000,477.043914,0.000000,0.000000,106.423559,42.712225,0.261265,744.970891
0.000000,0.000000,1269.026833,0.000000,0.000000,100.632755,35.480989,0.029913,1440.336213
0.000000,0.000000,470.508990,0.000000,0.000000,85.817991,32.152521,0.309753,622.517835
0.000000,0.000000,470.399362,0.000000,0.000000,83.294360,34.357537,0.244206,600.245374
0.000000,0.000000,473.202210,0.000000,0.000000,85.599190,35.090478,0.248659,608.573046
0.000000,0.000000,477.848381,0.000000,0.000000,89.073294,33.484128,0.027859,628.435907
0.000000,0.000000,472.929262,0.000000,0.000000,83.850609,31.396864,0.248721,610.646856
0.000000,0.000000,472.204520,0.000000,0.000000,86.492384,33.565948,0.028194,591.760981
0.000000,0.000000,467.993805,0.000000,0.000000,87.799639,33.606512,0.229275,587.081859
0.000000,0.000000,476.769156,0.000000,0.000000,85.859133,40.142501,0.248209,600.751626
0.000000,0.000000,476.636779,0.000000,0.000000,88.610097,35.654386,0.253277,601.602102
0.000000,0.000000,472.319653,0.000000,0.000000,88.488702,34.959291,0.248308,589.108442
0.000000,0.000000,471.989664,0.000000,0.000000,84.118084,33.894851,0.228410,602.990174
0.000000,0.000000,477.747900,0.000000,0.000000,72.334576,31.655910,0.200035,600.672308
0.000000,0.000000,473.320090,0.000000,0.000000,72.889386,32.805451,0.021747,600.937629
0.000000,0.000000,475.688929,0.000000,0.000000,77.432729,30.443626,0.221596,601.796736
0.000000,0.000000,477.530615,0.000000,0.000000,71.741347,31.161009,0.191105,602.436885
0.000000,0.000000,469.073387,0.000000,0.000000,70.578019,29.359402,0.020480,588.829705
0.000000,0.000000,469.108898,0.000000,0.000000,70.480861,30.520345,0.235582,574.428299
0.000000,0.000000,477.529567,0.000000,0.000000,70.485970,42.983668,0.279945,586.976048
0.000000,0.000000,474.062249,0.000000,0.000000,65.373510,26.306920,0.201023,583.364451
0.000000,0.000000,482.141391,0.000000,0.000000,62.026756,27.119458,0.250990,586.342190
0.000000,0.000000,469.624977,0.000000,0.000000,68.000030,30.075041,0.278407,572.546205
0.000000,0.000000,472.705890,0.000000,0.000000,78.363093,32.335140,0.244857,575.127141
0.000000,0.000000,470.924211,0.000000,0.000000,81.065345,31.122779,0.374581,586.778661
0.000000,0.000000,470.431915,0.000000,0.000000,76.052179,29.194338,0.017745,563.453119
0.000000,0.000000,470.986305,0.000000,0.000000,77.658034,29.676981,0.258082,562.541557
0.000000,0.000000,472.021622,0.000000,0.000000,80.472926,32.655856,0.223836,571.628501
0.000000,0.000000,472.096932,0.000000,0.000000,86.043728,35.015659,0.221843,585.063393
0.000000,0.000000,470.572431,0.000000,0.000000,75.776464,32.380190,0.264663,587.613862
0.000000,0.000000,471.838951,0.000000,0.000000,75.581139,36.410230,0.218851,578.517292
0.000000,0.000000,471.871237,0.000000,0.000000,75.932023,34.749425,0.195199,580.710389
0.000000,0.000000,482.055634,0.000000,0.000000,69.981998,35.095549,0.208990,596.561405
0.000000,0.000000,470.044003,0.000000,0.000000,78.168602,87.121666,1.590788,592.872169
0.000000,0.000000,469.465193,0.000000,0.000000,89.371075,39.487283,0.255144,579.062273
0.000000,0.000000,479.880881,0.000000,0.000000,100.470412,41.425956,0.259205,593.296345
0.000000,0.000000,476.051629,0.000000,0.000000,108.227118,105.085236,2.008966,588.203671
0.000000,0.000000,470.413055,0.000000,0.000000,110.610466,45.244664,0.337928,576.898436
0.000000,0.000000,471.898342,0.000000,0.000000,317.198052,142.306629,1.512185,643.047344
0.000000,0.000000,1292.509215,0.000000,0.000000,98.413876,38.456957,0.251599,1479.751614
0.000000,0.000000,468.964914,0.000000,0.000000,107.311495,36.733813,0.040751,619.544790
0.000000,0.000000,468.176856,0.000000,0.000000,104.523689,37.330779,0.346880,697.376161
0.000000,0.000000,1268.764988,0.000000,0.000000,110.155095,38.426445,0.030623,1475.077606
0.000000,0.000000,472.585277,0.000000,0.000000,119.263335,39.438351,0.297215,938.479770
0.000000,0.000000,1098.705887,0.000000,0.000000,118.705436,44.889774,0.262700,1249.987864
0.000000,0.000000,607.938426,0.000000,0.000000,116.785788,53.643073,0.034160,755.508761
0.000000,0.000000,470.714165,0.000000,0.000000,117.233172,42.434615,0.038002,614.380001
0.000000,0.000000,481.643077,0.000000,0.000000,114.521550,41.425368,0.267362,631.716180
0.000000,0.000000,470.548114,0.000000,0.000000,110.728762,38.387320,0.047176,630.806488
0.000000,0.000000,474.292504,0.000000,0.000000,311.993359,150.216296,1.873077,641.362175
0.000000,0.000000,471.638934,0.000000,0.000000,101.596477,41.710791,0.260245,644.708186
0.000000,0.000000,468.960692,0.000000,0.000000,98.583010,36.953400,0.287241,630.023165
0.000000,0.000000,472.603967,0.000000,0.000000,95.499574,37.130620,0.302373,630.446192
0.000000,0.000000,473.189908,0.000000,0.000000,97.719143,36.419248,0.250293,624.205261
0.000000,0.000000,469.988950,0.000000,0.000000,99.173091,36.941719,0.294847,939.339052
0.000000,0.000000,1083.154758,0.000000,0.000000,101.493824,34.696203,0.300347,1232.241529
0.000000,0.000000,482.605452,0.000000,0.000000,99.787301,35.252950,0.244230,620.470807
0.000000,0.000000,476.242837,0.000000,0.000000,97.906776,36.021106,0.254153,612.927499
0.000000,0.000000,472.707748,0.000000,0.000000,99.128177,36.743936,0.262953,608.801877
0.000000,0.000000,471.722393,0.000000,0.000000,99.813553,36.596706,0.243425,609.464398
0.000000,0.000000,472.769922,0.000000,0.000000,105.982767,35.841709,0.379159,610.615904
0.000000,0.000000,474.705313,0.000000,0.000000,95.070512,33.769961,0.250027,611.718411
0.000000,0.000000,474.755639,0.000000,0.000000,95.415058,35.883373,0.262370,612.901322
0.000000,0.000000,471.514656,0.000000,0.000000,100.844738,37.324719,0.267160,609.285295
0.000000,0.000000,471.791108,0.000000,0.000000,99.492750,36.405655,0.438969,610.077260
0.000000,0.000000,471.211183,0.000000,0.000000,100.882415,37.416376,0.260509,615.301470
0.000000,0.000000,474.166050,0.000000,0.000000,101.484639,37.102412,0.253359,608.849224
0.000000,0.000000,472.167287,0.000000,0.000000,99.869185,36.291484,0.312556,605.302332
0.000000,0.000000,471.042099,0.000000,0.000000,109.499189,98.598914,1.733532,611.184451
0.000000,0.000000,471.830355,0.000000,0.000000,104.395881,36.742396,0.249086,610.016572
0.000000,0.000000,471.444970,0.000000,0.000000,91.702842,37.083923,0.328569,611.278962
0.000000,0.000000,469.475712,0.000000,0.000000,93.130943,36.566020,0.409751,614.539887
0.000000,0.000000,473.648331,0.000000,0.000000,102.337244,37.533283,0.267163,613.690745
0.000000,0.000000,467.886883,0.000000,0.000000,103.973543,36.325467,0.273261,682.446517
0.000000,0.000000,1290.257117,0.000000,0.000000,104.140723,37.556978,0.356196,1436.196379
0.000000,0.000000,472.432485,0.000000,0.000000,111.469638,39.621466,0.282687,603.020837
0.000000,0.000000,473.521360,0.000000,0.000000,116.729934,39.093240,0.362463,605.021314
0.000000,0.000000,473.892457,0.000000,0.000000,111.544675,37.424867,0.282071,615.700611
0.000000,0.000000,472.690107,0.000000,0.000000,111.571519,38.035956,0.256476,614.677899
0.000000,0.000000,471.391238,0.000000,0.000000,117.573877,38.641964,0.275977,614.866526
0.000000,0.000000,470.425434,0.000000,0.000000,112.434502,35.838380,0.272506,623.056532
0.000000,0.000000,470.541979,0.000000,0.000000,108.890592,37.705819,0.287221,633.583780
0.000000,0.000000,472.758434,0.000000,0.000000,108.191688,33.899672,0.329365,623.749065
0.000000,0.000000,473.701613,0.000000,0.000000,98.987688,34.930098,0.273031,625.174116
0.000000,0.000000,470.284757,0.000000,0.000000,102.030885,36.320950,0.277196,628.339919
0.000000,0.000000,470.286962,0.000000,0.000000,102.766950,35.968019,0.275685,620.220940
0.000000,0.000000,471.386664,0.000000,0.000000,299.855849,131.219660,2.059169,623.982614
0.000000,0.000000,470.234367,0.000000,0.000000,104.229546,37.288469,0.267353,614.386969
0.000000,0.000000,471.811075,0.000000,0.000000,102.844986,36.003488,0.288300,607.613432
0.000000,0.000000,470.651805,0.000000,0.000000,110.001142,40.745568,0.249476,610.613054
0.000000,0.000000,473.783168,0.000000,0.000000,111.063781,37.485232,0.320533,614.462296
0.000000,0.000000,470.438294,0.000000,0.000000,98.822862,35.654081,0.305068,908.269031
0.000000,0.000000,1068.359456,0.000000,0.000000,94.746812,39.164117,0.305779,1231.657832
0.000000,0.000000,470.406802,0.000000,0.000000,101.755736,35.963153,0.032835,610.869661
0.000000,0.000000,473.202342,0.000000,0.000000,96.953040,33.004190,0.311866,625.552206
0.000000,0.000000,477.816837,0.000000,0.000000,96.987745,35.502959,0.029721,628.592250
0.000000,0.000000,471.899877,0.000000,0.000000,102.077886,36.394855,0.273620,610.428748
0.000000,0.000000,474.436753,0.000000,0.000000,106.687146,39.142002,0.329877,610.100582
0.000000,0.000000,469.763668,0.000000,0.000000,104.384507,42.842998,0.275225,608.926071
0.000000,0.000000,471.216243,0.000000,0.000000,94.627126,70.890147,6.827767,602.635618
0.000000,0.000000,469.498008,0.000000,0.000000,89.768309,85.019902,0.188039,603.536768
0.000000,0.000000,471.463087,0.000000,0.000000,94.222142,43.464876,0.244003,611.724464
0.000000,0.000000,486.435038,0.000000,0.000000,94.746076,40.907122,0.264809,634.320471
0.000000,0.000000,469.502795,0.000000,0.000000,93.814750,39.156875,0.282511,618.256523
0.000000,0.000000,468.868744,0.000000,0.000000,90.402851,39.256827,0.318423,646.309482
0.000000,0.000000,1256.273173,0.000000,0.000000,90.946471,42.465150,0.333078,1440.586215
0.000000,0.000000,1349.551000,0.000000,0.000000,101.402497,112.142700,1.580795,1492.455841
0.000000,0.000000,468.896956,0.000000,0.000000,103.878753,42.648836,0.318865,611.177364
0.000000,0.000000,470.398528,0.000000,0.000000,92.773564,94.424741,1.571492,607.873918
0.000000,0.000000,468.349116,0.000000,0.000000,97.666783,39.313874,0.029086,599.789332
0.000000,0.000000,469.438044,0.000000,0.000000,297.604102,140.765003,1.961631,604.519899
0.000000,0.000000,496.698137,0.000000,0.000000,95.893424,36.057680,0.246156,717.153269
0.000000,0.000000,1272.374586,0.000000,0.000000,92.827563,35.919576,0.386375,1442.948161
0.000000,0.000000,474.625710,0.000000,0.000000,87.819327,35.706552,0.293982,667.534236
0.000000,0.000000,1334.454777,0.000000,0.000000,85.684140,39.610876,0.265708,1474.378893
0.000000,0.000000,470.646228,0.000000,0.000000,92.603344,38.721630,0.246426,916.293832
0.000000,0.000000,1096.048792,0.000000,0.000000,96.265044,36.169981,0.236994,1233.834796
0.000000,0.000000,468.968534,0.000000,0.000000,89.948425,37.267123,0.241290,599.475071
0.000000,0.000000,472.098387,0.000000,0.000000,89.459285,35.922578,0.262320,610.262074
0.000000,0.000000,492.997467,0.000000,0.000000,88.158880,34.634021,0.262962,620.782071
0.000000,0.000000,474.530372,0.000000,0.000000,84.153410,33.864991,0.255555,613.360912
0.000000,0.000000,470.753399,0.000000,0.000000,78.926441,33.345052,0.214299,604.731363
0.000000,0.000000,471.205185,0.000000,0.000000,73.288095,31.165587,0.199965,599.955355
0.000000,0.000000,476.936727,0.000000,0.000000,72.304731,33.066854,0.240357,603.756048
0.000000,0.000000,470.286267,0.000000,0.000000,73.380461,30.196519,0.228984,595.059034
0.000000,0.000000,471.073798,0.000000,0.000000,71.677519,32.308343,0.325836,590.898600
0.000000,0.000000,469.198813,0.000000,0.000000,73.692291,28.363901,0.323768,582.910495
0.000000,0.000000,470.590691,0.000000,0.000000,76.928002,28.085374,0.235364,576.854526
0.000000,0.000000,469.537016,0.000000,0.000000,68.231203,27.616812,0.278967,576.915869
0.000000,0.000000,471.244737,0.000000,0.000000,69.674178,27.605928,0.254485,581.985401
0.000000,0.000000,468.964402,0.000000,0.000000,73.571761,28.170507,0.269466,578.743135
0.000000,0.000000,470.006631,0.000000,0.000000,72.786210,28.702049,0.242030,574.102703
0.000000,0.000000,468.474101,0.000000,0.000000,71.264635,28.505302,0.241392,574.927956
0.000000,0.000000,470.328092,0.000000,0.000000,69.470905,27.397325,0.290866,567.602028
0.000000,0.000000,515.662154,0.000000,0.000000,69.024836,28.210127,0.238461,617.797179
0.000000,0.000000,470.175289,0.000000,0.000000,62.952071,26.825084,0.222735,573.722652
0.000000,0.000000,472.065054,0.000000,0.000000,63.169635,27.923560,0.231932,574.900343
0.000000,0.000000,474.506387,0.000000,0.000000,72.206732,28.663489,0.215209,575.661261
0.000000,0.000000,471.987099,0.000000,0.000000,70.532635,28.253726,0.232142,573.164583
0.000000,0.000000,469.828344,0.000000,0.000000,70.087217,30.158026,0.309148,568.875393
0.000000,0.000000,475.436839,0.000000,0.000000,76.867611,29.704188,0.261689,566.492077
0.000000,0.000000,474.385598,0.000000,0.000000,81.827469,31.040997,0.242146,567.035605
0.000000,0.000000,479.526773,0.000000,0.000000,76.458821,30.184769,0.275616,582.174073
0.000000,0.000000,468.615890,0.000000,0.000000,70.749588,27.900042,0.222061,571.190273
0.000000,0.000000,470.684523,0.000000,0.000000,69.631980,28.099302,0.303619,572.551685
0.000000,0.000000,471.127159,0.000000,0.000000,69.711583,30.377357,0.196827,579.395649
0.000000,0.000000,473.367332,0.000000,0.000000,76.261737,32.537548,0.225063,587.942758
0.000000,0.000000,469.184708,0.000000,0.000000,82.850007,31.803049,0.303760,584.944786
0.000000,0.000000,471.892722,0.000000,0.000000,77.044392,30.500912,0.231144,572.275946
0.000000,0.000000,472.100895,0.000000,0.000000,73.825977,30.068572,0.222038,571.737466
0.000000,0.000000,470.446156,0.000000,0.000000,77.574172,34.389737,0.231451,571.912406
0.000000,0.000000,471.003224,0.000000,0.000000,81.810363,32.932537,0.220871,581.924546
0.000000,0.000000,469.292342,0.000000,0.000000,65.481328,30.095939,0.280368,585.822802
0.000000,0.000000,474.781700,0.000000,0.000000,71.424203,82.141916,1.740573,583.825606
0.000000,0.000000,474.341066,0.000000,0.000000,89.375082,37.205913,0.019750,579.799987
0.000000,0.000000,471.995251,0.000000,0.000000,82.301358,34.062961,0.226821,585.349604
0.000000,0.000000,479.518098,0.000000,0.000000,85.254713,41.013670,0.251737,596.607757
0.000000,0.000000,468.951662,0.000000,0.000000,96.443217,39.360906,0.311989,566.532103
0.000000,0.000000,472.539832,0.000000,0.000000,97.380244,40.645111,0.034363,633.967787
0.000000,0.000000,1299.787720,0.000000,0.000000,96.221442,79.449915,1.876729,1447.676983
0.000000,0.000000,471.860013,0.000000,0.000000,102.655292,47.663528,0.028447,589.565728
0.000000,0.000000,471.854229,0.000000,0.000000,111.286544,39.088197,0.355463,611.067985
0.000000,0.000000,465.539677,0.000000,0.000000,101.747369,35.796778,0.056963,604.335569
0.000000,0.000000,471.472812,0.000000,0.000000,98.272087,32.969650,0.039471,610.931262
0.000000,0.000000,468.967195,0.000000,0.000000,93.486255,35.364283,0.034553,652.428794
0.000000,0.000000,1227.783790,0.000000,0.000000,94.280231,32.392418,0.028619,1386.117214
0.000000,0.000000,471.960750,0.000000,0.000000,100.392434,32.582398,0.400444,624.139764
0.000000,0.000000,469.359566,0.000000,0.000000,292.043870,157.449399,0.211221,608.291571
0.000000,0.000000,469.910592,0.000000,0.000000,94.409127,33.797844,0.258323,604.107501
0.000000,0.000000,469.064682,0.000000,0.000000,91.461254,31.071855,0.294241,599.853869
0.000000,0.000000,470.062525,0.000000,0.000000,94.218781,37.042370,0.033135,598.027089
0.000000,0.000000,470.619844,0.000000,0.000000,94.818565,32.493876,0.239580,605.510396
0.000000,0.000000,475.922176,0.000000,0.000000,93.792010,31.566905,0.031254,930.184131
0.000000,0.000000,912.127830,0.000000,0.000000,97.549744,33.726561,0.341486,1048.046369
0.000000,0.000000,481.169539,0.000000,0.000000,92.023253,32.871271,0.232773,605.306199
0.000000,0.000000,471.172459,0.000000,0.000000,87.185531,36.820126,0.031662,603.843216
0.000000,0.000000,470.161935,0.000000,0.000000,93.673697,39.003611,0.339416,601.767801
0.000000,0.000000,471.097416,0.000000,0.000000,300.628400,155.671501,0.231910,598.112819
0.000000,0.000000,468.900403,0.000000,0.000000,97.500755,34.153843,0.261921,606.748876
0.000000,0.000000,469.704622,0.000000,0.000000,106.031618,39.167895,0.326512,597.241730
0.000000,0.000000,471.082132,0.000000,0.000000,111.752350,43.249068,0.325178,596.348386
0.000000,0.000000,470.848379,0.000000,0.000000,102.300324,37.574808,0.245558,605.320382
0.000000,0.000000,472.840110,0.000000,0.000000,114.062082,43.170069,0.484166,938.238758
0.000000,0.000000,1092.312028,0.000000,0.000000,112.334639,36.838108,0.024837,1230.200046
0.000000,0.000000,467.145910,0.000000,0.000000,111.091254,40.579329,0.252815,619.983342
0.000000,0.000000,472.518163,0.000000,0.000000,112.288146,39.193515,0.034540,629.389442
0.000000,0.000000,476.144737,0.000000,0.000000,110.297838,37.655581,0.262674,618.949580
0.000000,0.000000,469.277389,0.000000,0.000000,118.888218,40.020055,0.300497,628.667601
0.000000,0.000000,470.500550,0.000000,0.000000,117.972742,41.138119,0.333841,620.987209
0.000000,0.000000,469.678184,0.000000,0.000000,120.393916,40.782659,0.021393,622.972329
0.000000,0.000000,491.206172,0.000000,0.000000,125.959569,41.126402,0.276751,648.056027
0.000000,0.000000,469.955769,0.000000,0.000000,120.615406,37.667136,0.023801,619.328993
0.000000,0.000000,473.781121,0.000000,0.000000,110.833843,36.077147,0.260039,638.217276
0.000000,0.000000,480.993047,0.000000,0.000000,113.567979,40.658705,0.024275,642.112770
0.000000,0.000000,469.905470,0.000000,0.000000,123.793046,39.838498,0.269066,632.597484
0.000000,0.000000,472.546256,0.000000,0.000000,126.014827,39.778324,0.023429,641.588932
0.000000,0.000000,471.882618,0.000000,0.000000,127.988491,45.118113,0.028672,634.195260
0.000000,0.000000,470.076987,0.000000,0.000000,128.597199,39.803039,0.390538,618.557541
0.000000,0.000000,476.168650,0.000000,0.000000,128.037330,40.698128,0.021544,632.152840
0.000000,0.000000,470.671537,0.000000,0.000000,127.820503,38.013218,0.320302,635.721448
0.000000,0.000000,469.694722,0.000000,0.000000,124.414853,39.354481,0.025003,636.882895
0.000000,0.000000,472.433318,0.000000,0.000000,120.607000,40.470843,0.359883,647.301503
0.000000,0.000000,469.750632,0.000000,0.000000,113.443133,35.056648,0.268705,640.230708
0.000000,0.000000,469.096904,0.000000,0.000000,294.500093,141.277151,17.615635,644.621387
0.000000,0.000000,470.846582,0.000000,0.000000,103.939707,39.758841,0.329324,638.247339
0.000000,0.000000,470.817805,0.000000,0.000000,108.692534,33.662746,0.022849,638.341598
0.000000,0.000000,471.496248,0.000000,0.000000,101.120372,37.146478,0.254104,637.920447
0.000000,0.000000,468.805996,0.000000,0.000000,103.817867,38.772140,0.245256,618.813148
0.000000,0.000000,473.059844,0.000000,0.000000,101.926209,36.374049,0.045445,931.644298
0.000000,0.000000,1041.543097,0.000000,0.000000,102.838466,35.959481,0.256497,1197.110631
0.000000,0.000000,477.856133,0.000000,0.000000,101.587362,36.247031,0.026183,628.420351
0.000000,0.000000,480.230778,0.000000,0.000000,98.936324,35.465305,0.268078,621.462872
0.000000,0.000000,470.353119,0.000000,0.000000,98.882906,38.113224,0.293341,614.915915
0.000000,0.000000,479.872894,0.000000,0.000000,95.470096,38.508797,0.360222,620.195097
0.000000,0.000000,472.794964,0.000000,0.000000,94.970524,36.843934,0.350755,613.215361
0.000000,0.000000,491.007240,0.000000,0.000000,96.329031,35.136113,0.276175,630.516205
0.000000,0.000000,470.827077,0.000000,0.000000,93.310772,34.116720,0.239208,606.749211
0.000000,0.000000,471.625124,0.000000,0.000000,94.307719,32.789215,0.019594,610.437776
0.000000,0.000000,469.994253,0.000000,0.000000,277.482126,138.242340,2.807253,606.529442
0.000000,0.000000,469.799791,0.000000,0.000000,100.888646,41.673555,0.306878,603.685694
0.000000,0.000000,469.745698,0.000000,0.000000,102.125824,48.292225,0.298147,603.192267
0.000000,0.000000,471.888629,0.000000,0.000000,99.574905,37.274927,0.246575,601.277951
0.000000,0.000000,473.238915,0.000000,0.000000,267.194589,150.219221,0.182564,601.772839
0.000000,0.000000,468.328386,0.000000,0.000000,94.296882,35.806028,0.261801,899.437321
0.000000,0.000000,945.909208,0.000000,0.000000,89.043636,34.841172,0.234966,1092.903352
0.000000,0.000000,469.500756,0.000000,0.000000,270.434042,135.985859,1.797019,626.752455
0.000000,0.000000,468.044005,0.000000,0.000000,87.072443,37.058764,0.229934,606.344334
0.000000,0.000000,474.281850,0.000000,0.000000,77.768417,32.996525,0.205117,898.018063
0.000000,0.000000,1122.690642,0.000000,0.000000,77.538440,36.187787,0.021727,1263.593542
0.000000,0.000000,472.920316,0.000000,0.000000,84.264840,34.457207,0.236093,598.891962
0.000000,0.000000,471.240162,0.000000,0.000000,80.092372,32.427232,0.244461,884.046913
0.000000,0.000000,963.034710,0.000000,0.000000,76.386621,29.635489,0.263501,1092.007320
0.000000,0.000000,468.001743,0.000000,0.000000,75.650948,29.991451,0.277675,592.488094
0.000000,0.000000,468.026430,0.000000,0.000000,74.127879,34.887282,0.281678,583.201649
0.000000,0.000000,483.838766,0.000000,0.000000,68.926100,29.735235,0.016177,603.966657
0.000000,0.000000,471.201846,0.000000,0.000000,65.025171,28.053146,0.244558,585.645837
0.000000,0.000000,469.430814,0.000000,0.000000,61.425196,30.045429,0.287296,579.296411
0.000000,0.000000,469.876145,0.000000,0.000000,68.915159,31.431341,0.032488,577.038034
0.000000,0.000000,466.773122,0.000000,0.000000,71.769271,30.358606,0.203664,577.258966
0.000000,0.000000,467.122868,0.000000,0.000000,67.389402,28.780203,0.194456,567.195280
0.000000,0.000000,468.121935,0.000000,0.000000,66.689370,40.573055,0.243157,564.603165
0.000000,0.000000,472.413519,0.000000,0.000000,63.329669,25.555056,0.180588,566.999944
0.000000,0.000000,481.373636,0.000000,0.000000,61.513956,27.696614,0.175056,583.529061
0.000000,0.000000,469.493582,0.000000,0.000000,64.934032,27.767869,0.276696,572.846566
0.000000,0.000000,473.591685,0.000000,0.000000,62.954814,26.501625,0.192277,571.418943
0.000000,0.000000,469.662341,0.000000,0.000000,58.998295,25.567829,0.170045,578.393641
0.000000,0.000000,472.847622,0.000000,0.000000,57.527597,26.574057,0.015765,563.124601
0.000000,0.000000,471.742976,0.000000,0.000000,59.833654,36.693023,0.230604,562.169695
0.000000,0.000000,481.983922,0.000000,0.000000,61.279281,24.872961,0.013841,579.283479
0.000000,0.000000,469.337836,0.000000,0.000000,60.519150,26.349470,0.015111,560.334515
0.000000,0.000000,467.670289,0.000000,0.000000,64.214045,27.630282,0.206666,553.484800
0.000000,0.000000,471.213899,0.000000,0.000000,64.956340,25.810955,0.195684,556.532118
0.000000,0.000000,469.676384,0.000000,0.000000,63.948064,28.133317,0.222109,567.564057
0.000000,0.000000,473.602070,0.000000,0.000000,69.803761,28.310182,0.014183,561.078573
0.000000,0.000000,471.742950,0.000000,0.000000,70.322611,27.873843,0.231910,559.706357
0.000000,0.000000,473.642532,0.000000,0.000000,73.696879,30.281219,0.028176,566.953128
0.000000,0.000000,471.162813,0.000000,0.000000,80.872397,30.680814,0.288705,563.257748
0.000000,0.000000,473.902820,0.000000,0.000000,75.266281,28.980207,0.220681,572.486504
0.000000,0.000000,470.856457,0.000000,0.000000,75.384458,34.028539,0.203470,576.367096
0.000000,0.000000,469.551967,0.000000,0.000000,82.637220,45.595111,0.275436,569.134924
0.000000,0.000000,470.322341,0.000000,0.000000,82.831718,32.093500,0.220056,576.076790
0.000000,0.000000,470.091798,0.000000,0.000000,86.445209,34.990558,0.248172,583.918102
0.000000,0.000000,468.985327,0.000000,0.000000,86.559042,35.953018,0.239793,575.017910
0.000000,0.000000,471.670733,0.000000,0.000000,84.857177,35.584440,0.230690,584.541689
0.000000,0.000000,469.990294,0.000000,0.000000,89.894981,44.637761,0.409696,605.789797
0.000000,0.000000,468.866177,0.000000,0.000000,87.675501,36.267615,0.320052,586.023162
0.000000,0.000000,470.883640,0.000000,0.000000,86.100280,36.652624,0.291077,593.879242
0.000000,0.000000,470.636228,0.000000,0.000000,88.836251,36.798266,0.021540,594.917912
0.000000,0.000000,473.511602,0.000000,0.000000,93.180299,37.708309,0.267812,598.886823
0.000000,0.000000,469.244894,0.000000,0.000000,97.802751,37.759649,0.026748,608.994658
0.000000,0.000000,471.216416,0.000000,0.000000,94.742899,32.708328,0.245748,596.847904
0.000000,0.000000,470.015879,0.000000,0.000000,92.648032,33.293296,0.039038,594.683033
0.000000,0.000000,482.816258,0.000000,0.000000,98.875724,32.290487,0.269397,617.175977
0.000000,0.000000,471.692909,0.000000,0.000000,100.289782,33.282389,0.034560,604.396764
0.000000,0.000000,466.294588,0.000000,0.000000,98.713052,30.953500,0.022363,610.228190
0.000000,0.000000,468.401801,0.000000,0.000000,92.939390,33.027755,0.021884,597.586041
0.000000,0.000000,470.072371,0.000000,0.000000,92.971632,32.764797,0.021245,597.603918
0.000000,0.000000,469.920878,0.000000,0.000000,92.816571,31.820031,0.028024,602.693556
0.000000,0.000000,477.700965,0.000000,0.000000,86.628020,31.196730,0.230889,613.161027
0.000000,0.000000,472.285949,0.000000,0.000000,82.153823,29.567146,0.023396,603.315828
0.000000,0.000000,468.982293,0.000000,0.000000,86.186674,31.755922,0.022590,596.154792
0.000000,0.000000,470.573113,0.000000,0.000000,89.408860,31.998479,0.251800,597.746043
0.000000,0.000000,472.031401,0.000000,0.000000,89.133415,32.961222,0.027876,597.899113
0.000000,0.000000,469.073814,0.000000,0.000000,94.553677,32.971060,0.272130,588.372526
0.000000,0.000000,470.082438,0.000000,0.000000,92.853861,30.961523,0.020481,583.439646
0.000000,0.000000,468.160464,0.000000,0.000000,89.217866,30.203033,0.023298,587.513636
0.000000,0.000000,475.960333,0.000000,0.000000,93.870053,33.941843,0.024968,598.698733
0.000000,0.000000,484.345683,0.000000,0.000000,95.084778,33.827052,0.238398,607.816210
0.000000,0.000000,472.635404,0.000000,0.000000,94.570064,33.459674,0.023452,601.701075
0.000000,0.000000,470.735650,0.000000,0.000000,96.610751,35.253716,0.312474,595.966600
0.000000,0.000000,472.329767,0.000000,0.000000,94.640986,34.568431,0.043677,593.080747
0.000000,0.000000,473.209400,0.000000,0.000000,93.545706,38.284398,0.025178,602.373023
0.000000,0.000000,471.648835,0.000000,0.000000,102.536014,34.813629,0.257071,602.143771
0.000000,0.000000,471.131067,0.000000,0.000000,98.086784,32.926214,0.021844,600.437414
0.000000,0.000000,470.831603,0.000000,0.000000,94.528194,34.118185,0.022874,604.409857
0.000000,0.000000,487.720356,0.000000,0.000000,94.631232,32.136409,0.303536,618.596804
0.000000,0.000000,468.906569,0.000000,0.000000,94.660429,33.193586,0.027818,602.593100
0.000000,0.000000,470.553835,0.000000,0.000000,94.601727,33.136797,0.254364,609.320941
0.000000,0.000000,472.780892,0.000000,0.000000,90.204692,31.987286,0.021704,605.371445
0.000000,0.000000,472.728121,0.000000,0.000000,86.350751,29.943516,0.305567,602.540435
0.000000,0.000000,471.387764,0.000000,0.000000,81.906587,31.164663,0.214704,599.866771
0.000000,0.000000,477.386584,0.000000,0.000000,83.387292,30.207563,0.261664,606.497515
0.000000,0.000000,474.481891,0.000000,0.000000,79.822455,27.102035,0.241449,603.678246
0.000000,0.000000,472.363221,0.000000,0.000000,77.937936,29.635933,0.019948,596.085409
0.000000,0.000000,469.370632,0.000000,0.000000,80.941891,31.536608,0.285464,587.283334
0.000000,0.000000,469.505719,0.000000,0.000000,84.414986,30.289974,0.015355,588.405950
0.000000,0.000000,480.064409,0.000000,0.000000,88.622779,31.667470,0.249050,600.151988
0.000000,0.000000,469.656708,0.000000,0.000000,92.104241,31.922180,0.016292,578.347037
0.000000,0.000000,616.936670,0.000000,0.000000,89.097580,32.630687,0.236208,726.162747
0.000000,0.000000,471.171916,0.000000,0.000000,84.562246,30.984049,0.017417,585.155159
0.000000,0.000000,473.494105,0.000000,0.000000,83.458598,31.918066,0.013113,589.492288
0.000000,0.000000,471.809875,0.000000,0.000000,86.211929,32.657601,0.019374,593.454184
0.000000,0.000000,472.220616,0.000000,0.000000,88.104583,28.690979,0.206745,597.653038
0.000000,0.000000,468.474633,0.000000,0.000000,76.718054,31.249387,0.019642,591.588372
0.000000,0.000000,469.778544,0.000000,0.000000,84.273936,33.913742,0.240486,586.646619
0.000000,0.000000,469.757194,0.000000,0.000000,86.892509,31.416138,0.019800,586.321616
0.000000,0.000000,472.049556,0.000000,0.000000,82.864882,31.092538,0.222362,592.167013
0.000000,0.000000,470.642780,0.000000,0.000000,86.375116,33.118175,0.021491,588.679351
0.000000,0.000000,470.922206,0.000000,0.000000,92.156466,32.827631,0.305146,580.797017
0.000000,0.000000,479.240752,0.000000,0.000000,91.134296,31.046537,0.304050,598.813593
0.000000,0.000000,475.921295,0.000000,0.000000,92.067701,34.643848,0.019374,595.359166
0.000000,0.000000,471.407113,0.000000,0.000000,94.082311,32.412268,0.248971,586.641504
0.000000,0.000000,477.312050,0.000000,0.000000,93.073641,32.807277,0.022648,598.411264
0.000000,0.000000,471.179816,0.000000,0.000000,95.062767,33.451601,0.250888,597.691680
0.000000,0.000000,471.934875,0.000000,0.000000,95.409367,33.627184,0.023536,596.107364
0.000000,0.000000,471.529845,0.000000,0.000000,100.860555,33.684085,0.249040,603.887037
0.000000,0.000000,470.128410,0.000000,0.000000,103.525078,34.911603,0.033949,598.085682
0.000000,0.000000,469.615607,0.000000,0.000000,98.659407,32.982923,0.031215,597.053143
0.000000,0.000000,469.455770,0.000000,0.000000,98.435364,33.222892,0.240080,599.570809
0.000000,0.000000,472.580999,0.000000,0.000000,98.627211,32.219625,0.017750,603.280551
0.000000,0.000000,471.682862,0.000000,0.000000,94.116706,32.556352,0.340406,607.707688
0.000000,0.000000,482.648754,0.000000,0.000000,94.981604,36.622678,0.023598,622.723050
0.000000,0.000000,478.771262,0.000000,0.000000,96.763159,32.334071,0.017180,612.187146
0.000000,0.000000,471.051462,0.000000,0.000000,98.854148,32.545842,0.021011,604.117856
0.000000,0.000000,471.601121,0.000000,0.000000,98.708289,32.168473,0.025228,603.901282
0.000000,0.000000,471.765311,0.000000,0.000000,97.563144,30.972072,0.025621,600.310798
0.000000,0.000000,470.974248,0.000000,0.000000,99.081967,33.163299,0.024088,604.030608
0.000000,0.000000,483.495641,0.000000,0.000000,90.304329,29.780030,0.023105,613.871463
0.000000,0.000000,474.370675,0.000000,0.000000,87.124142,32.129911,0.032034,607.147593
0.000000,0.000000,474.356388,0.000000,0.000000,87.212091,31.528460,0.297164,606.586778
0.000000,0.000000,490.020973,0.000000,0.000000,83.179864,37.766247,0.029187,619.834162
0.000000,0.000000,487.296218,0.000000,0.000000,84.495434,32.027033,0.224154,620.877792
0.000000,0.000000,473.297981,0.000000,0.000000,85.045813,30.026107,0.221821,594.898647
0.000000,0.000000,476.426666,0.000000,0.000000,77.261000,29.437245,0.222579,597.159503
0.000000,0.000000,470.691539,0.000000,0.000000,72.701030,31.746675,0.022857,590.953099
0.000000,0.000000,480.360112,0.000000,0.000000,94.385503,32.815403,0.260796,603.123573
0.000000,0.000000,481.385463,0.000000,0.000000,90.305937,32.391617,0.020695,599.264581
0.000000,0.000000,492.896821,0.000000,0.000000,89.884027,31.722129,0.229287,609.437514
0.000000,0.000000,482.649598,0.000000,0.000000,89.037317,33.025152,0.022446,592.547975
0.000000,0.000000,483.229102,0.000000,0.000000,96.357968,33.985612,0.236174,589.020052
0.000000,0.000000,495.665772,0.000000,0.000000,94.046445,32.320009,0.025324,624.592645
0.000000,0.000000,473.027063,0.000000,0.000000,87.995052,32.480247,0.255664,598.503553
0.000000,0.000000,469.032878,0.000000,0.000000,96.116049,32.834470,0.033883,592.090234
0.000000,0.000000,468.614989,0.000000,0.000000,86.136265,31.576319,0.233589,592.333989
0.000000,0.000000,472.502264,0.000000,0.000000,91.058589,38.501186,0.034395,604.321126
0.000000,0.000000,483.815988,0.000000,0.000000,104.983093,35.594967,0.384137,618.730573
0.000000,0.000000,471.136319,0.000000,0.000000,105.311867,35.305741,0.027899,593.403403
0.000000,0.000000,469.704931,0.000000,0.000000,103.304928,34.450669,0.259954,601.291060
0.000000,0.000000,476.396653,0.000000,0.000000,98.173774,36.730417,0.018983,595.529667
0.000000,0.000000,472.624577,0.000000,0.000000,279.133858,119.701164,1.542622,603.855314
0.000000,0.000000,472.265542,0.000000,0.000000,90.397939,34.128130,0.028376,614.845445
0.000000,0.000000,470.128565,0.000000,0.000000,92.330687,32.823699,0.251614,616.056756
0.000000,0.000000,474.288007,0.000000,0.000000,89.346944,31.196049,0.024020,613.655485
0.000000,0.000000,473.378665,0.000000,0.000000,91.143586,32.632499,0.024162,609.980405
0.000000,0.000000,472.828588,0.000000,0.000000,91.617686,32.164377,0.228976,877.099365
0.000000,0.000000,1152.767144,0.000000,0.000000,86.707291,31.817681,0.226228,1284.158304
0.000000,0.000000,468.431272,0.000000,0.000000,89.327816,35.871590,0.025064,595.064568
0.000000,0.000000,473.812131,0.000000,0.000000,87.298439,32.069196,0.307622,595.931907
0.000000,0.000000,473.180512,0.000000,0.000000,79.923369,29.366728,0.342838,598.169784
0.000000,0.000000,472.225086,0.000000,0.000000,77.186546,31.019028,0.021374,597.413979
0.000000,0.000000,474.182234,0.000000,0.000000,78.284153,30.404795,0.217787,594.692229
0.000000,0.000000,468.804897,0.000000,0.000000,76.856957,30.207451,0.096692,602.309058
0.000000,0.000000,470.424190,0.000000,0.000000,82.570111,32.646154,0.270006,592.913817
0.000000,0.000000,472.483652,0.000000,0.000000,88.236115,31.344272,0.022220,583.854537
0.000000,0.000000,473.851509,0.000000,0.000000,89.064613,31.693699,0.272374,585.358509
0.000000,0.000000,472.012823,0.000000,0.000000,88.208447,30.670767,0.019331,582.181353
0.000000,0.000000,476.346084,0.000000,0.000000,86.362744,31.177010,0.024219,585.791003
0.000000,0.000000,468.885171,0.000000,0.000000,88.446992,35.108972,0.247222,586.062730
0.000000,0.000000,472.796222,0.000000,0.000000,88.752507,30.886530,0.016878,594.129762
0.000000,0.000000,473.581843,0.000000,0.000000,86.969980,31.612206,0.026414,595.835809
0.000000,0.000000,472.062607,0.000000,0.000000,91.166098,34.694315,0.263746,592.128868
0.000000,0.000000,471.898922,0.000000,0.000000,96.960674,33.845684,0.019260,590.772155
0.000000,0.000000,472.127331,0.000000,0.000000,96.140247,35.257341,0.016122,597.182442
0.000000,0.000000,471.943876,0.000000,0.000000,93.691498,31.218440,0.022989,592.876125
0.000000,0.000000,478.517114,0.000000,0.000000,98.391274,34.588443,0.021565,598.479691
0.000000,0.000000,471.638297,0.000000,0.000000,94.070457,33.674155,0.021226,599.197706
0.000000,0.000000,473.916088,0.000000,0.000000,87.536380,31.615692,0.022859,605.920570
0.000000,0.000000,470.156403,0.000000,0.000000,91.152817,35.184358,0.364508,602.678489
0.000000,0.000000,469.620853,0.000000,0.000000,94.473984,32.490730,0.017971,595.930700
0.000000,0.000000,469.503770,0.000000,0.000000,92.645932,31.720725,0.016927,603.752577
0.000000,0.000000,470.969531,0.000000,0.000000,91.405943,31.062595,0.021455,600.067021
0.000000,0.000000,471.691786,0.000000,0.000000,90.499081,31.624914,0.270581,592.115393
0.000000,0.000000,477.564162,0.000000,0.000000,272.769509,127.746920,1.707622,606.332739
0.000000,0.000000,472.206581,0.000000,0.000000,85.759613,30.589813,0.235239,600.412346
0.000000,0.000000,475.381094,0.000000,0.000000,85.625936,27.761500,0.017517,600.945486
0.000000,0.000000,490.922353,0.000000,0.000000,85.587180,28.819916,0.223919,614.906535
0.000000,0.000000,467.261543,0.000000,0.000000,86.827937,28.697247,0.022819,590.840679
0.000000,0.000000,466.809528,0.000000,0.000000,79.630709,30.121373,0.285329,873.259331
0.000000,0.000000,963.584388,0.000000,0.000000,80.333585,31.918441,0.242093,1084.151196
0.000000,0.000000,484.995085,0.000000,0.000000,87.749813,30.626464,0.219491,599.571378
0.000000,0.000000,470.926504,0.000000,0.000000,87.174155,29.856405,0.223740,586.605959
0.000000,0.000000,471.497080,0.000000,0.000000,86.198135,31.533063,0.258001,588.411657
0.000000,0.000000,471.267165,0.000000,0.000000,77.275117,29.021568,0.215594,582.501903
0.000000,0.000000,472.469001,0.000000,0.000000,79.537085,32.122330,0.260332,586.260185
0.000000,0.000000,471.539795,0.000000,0.000000,90.307149,33.244075,0.242517,591.312581
0.000000,0.000000,470.010799,0.000000,0.000000,90.676713,31.456975,0.228242,589.627811
0.000000,0.000000,469.722146,0.000000,0.000000,88.461844,31.289486,0.228772,589.683766
0.000000,0.000000,469.132269,0.000000,0.000000,89.335382,29.721262,0.019410,576.725920
0.000000,0.000000,470.566164,0.000000,0.000000,87.059505,30.875719,0.011682,583.606074
0.000000,0.000000,473.789990,0.000000,0.000000,87.693940,30.102968,0.014879,598.657251
0.000000,0.000000,469.139075,0.000000,0.000000,86.973018,30.772399,0.013113,592.630403
0.000000,0.000000,472.537025,0.000000,0.000000,85.745635,30.043889,0.252333,593.915519
0.000000,0.000000,476.514908,0.000000,0.000000,86.858389,30.720257,0.013660,597.022483
0.000000,0.000000,479.853513,0.000000,0.000000,88.063079,29.761872,0.216893,599.041518
0.000000,0.000000,470.135015,0.000000,0.000000,88.636670,31.516063,0.012800,589.359389
0.000000,0.000000,472.349603,0.000000,0.000000,87.576932,33.735565,0.012352,591.181528
0.000000,0.000000,474.139366,0.000000,0.000000,86.124917,28.920358,0.280549,591.425738
0.000000,0.000000,479.479582,0.000000,0.000000,81.762715,31.626534,0.229475,598.285789
0.000000,0.000000,470.311862,0.000000,0.000000,79.942328,30.678144,0.015101,589.552412
0.000000,0.000000,471.406735,0.000000,0.000000,79.379578,31.389197,0.228071,592.681080
0.000000,0.000000,471.484734,0.000000,0.000000,84.469313,30.671974,0.269903,594.165717
0.000000,0.000000,470.494021,0.000000,0.000000,86.937292,31.069890,0.223276,586.896074
0.000000,0.000000,474.967195,0.000000,0.000000,84.657654,31.937930,0.221921,589.624306
0.000000,0.000000,473.483583,0.000000,0.000000,86.976526,33.548935,0.018782,587.033722
0.000000,0.000000,472.009445,0.000000,0.000000,89.165278,32.464115,0.241214,584.207383
0.000000,0.000000,501.227564,0.000000,0.000000,88.727363,32.241535,0.019553,617.720446
0.000000,0.000000,468.739798,0.000000,0.000000,94.092403,34.227514,0.255769,588.133482
0.000000,0.000000,478.710240,0.000000,0.000000,282.856084,143.536491,0.128203,596.644385
0.000000,0.000000,486.098708,0.000000,0.000000,96.715722,33.603766,0.237130,621.079625
0.000000,0.000000,471.112221,0.000000,0.000000,98.161632,33.114722,0.026275,594.368912
0.000000,0.000000,472.023327,0.000000,0.000000,100.112524,33.649023,0.364897,594.718319
0.000000,0.000000,471.083419,0.000000,0.000000,103.534486,37.353181,0.019071,601.247392
0.000000,0.000000,469.020857,0.000000,0.000000,99.918426,34.410615,0.231650,915.438035
0.000000,0.000000,904.732142,0.000000,0.000000,98.940123,33.208799,0.015981,1041.442757
0.000000,0.000000,471.293440,0.000000,0.000000,100.100707,35.794595,0.265424,604.169157
0.000000,0.000000,471.787743,0.000000,0.000000,98.790970,33.713158,0.017738,607.153843
0.000000,0.000000,468.925764,0.000000,0.000000,94.219941,32.587751,0.225360,611.066181
0.000000,0.000000,470.508847,0.000000,0.000000,90.000779,63.553744,0.151933,606.975262
0.000000,0.000000,480.956392,0.000000,0.000000,83.705783,30.394905,0.302045,614.453102
0.000000,0.000000,478.055469,0.000000,0.000000,81.319211,32.277707,0.022543,617.224827
0.000000,0.000000,481.013321,0.000000,0.000000,89.438607,33.422735,0.264732,615.273747
0.000000,0.000000,469.594078,0.000000,0.000000,96.426039,34.770351,0.026088,597.940879
0.000000,0.000000,482.050412,0.000000,0.000000,90.037821,40.487444,0.238538,640.180926
0.000000,0.000000,1316.542173,0.000000,0.000000,92.859574,32.753603,0.014670,1434.505830
0.000000,0.000000,478.832199,0.000000,0.000000,97.207822,35.469058,0.019652,593.974597
0.000000,0.000000,469.923688,0.000000,0.000000,92.254524,33.867941,0.021490,595.416306
0.000000,0.000000,472.136848,0.000000,0.000000,89.182336,33.548176,0.242039,605.198350
0.000000,0.000000,473.396776,0.000000,0.000000,90.211265,32.415135,0.019923,605.409039
0.000000,0.000000,472.275868,0.000000,0.000000,85.513555,30.699950,0.239508,599.439180
0.000000,0.000000,469.020906,0.000000,0.000000,77.938429,29.805511,0.266797,603.629489
0.000000,0.000000,468.402895,0.000000,0.000000,74.002397,30.099823,0.214016,595.738453
0.000000,0.000000,470.578432,0.000000,0.000000,79.922885,31.606089,0.020811,594.744864
0.000000,0.000000,468.951430,0.000000,0.000000,78.049340,30.255648,0.288672,592.900462
0.000000,0.000000,471.342186,0.000000,0.000000,80.514875,31.399383,0.205393,588.988157
0.000000,0.000000,468.647028,0.000000,0.000000,83.478892,30.087946,0.280916,578.283643
0.000000,0.000000,468.980053,0.000000,0.000000,86.800468,32.881878,0.020750,574.775491
0.000000,0.000000,469.607608,0.000000,0.000000,90.045546,30.352222,0.273438,582.496147
0.000000,0.000000,479.695538,0.000000,0.000000,85.919753,33.674540,0.271170,589.500787
0.000000,0.000000,472.254280,0.000000,0.000000,88.965814,32.772746,0.278432,585.798139
0.000000,0.000000,471.414278,0.000000,0.000000,87.129594,31.095622,0.227525,586.864369
0.000000,0.000000,470.371959,0.000000,0.000000,88.748560,34.884405,0.328468,591.264813
0.000000,0.000000,470.814986,0.000000,0.000000,86.251490,31.312212,0.210850,592.876639
0.000000,0.000000,470.201765,0.000000,0.000000,76.005399,28.440502,0.221400,591.351872
0.000000,0.000000,472.047975,0.000000,0.000000,73.648033,30.305960,0.214567,595.185920
0.000000,0.000000,470.605315,0.000000,0.000000,76.561486,33.457216,0.257815,590.169164
0.000000,0.000000,482.796501,0.000000,0.000000,90.114672,33.658041,0.324253,608.392106
0.000000,0.000000,470.299857,0.000000,0.000000,100.538878,38.900827,0.229393,589.393381
0.000000,0.000000,468.535399,0.000000,0.000000,99.690561,33.237420,0.268855,574.470534
0.000000,0.000000,471.703211,0.000000,0.000000,100.871693,33.321102,0.265186,577.171087
0.000000,0.000000,468.500657,0.000000,0.000000,96.365638,34.089675,0.254747,584.292566
0.000000,0.000000,471.349460,0.000000,0.000000,98.822587,33.614292,0.308026,596.583547
0.000000,0.000000,469.260927,0.000000,0.000000,104.699713,34.308156,0.347334,610.136036
0.000000,0.000000,472.038750,0.000000,0.000000,91.938747,31.105043,0.233515,606.421592
0.000000,0.000000,468.980380,0.000000,0.000000,78.260882,29.456492,0.229481,608.136073
0.000000,0.000000,469.834957,0.000000,0.000000,84.131967,32.402834,0.415607,601.678558
0.000000,0.000000,477.715254,0.000000,0.000000,82.237312,30.553526,0.013951,611.677815
0.000000,0.000000,481.427660,0.000000,0.000000,74.167536,30.709091,0.224809,627.371745
0.000000,0.000000,469.894714,0.000000,0.000000,84.763107,34.185766,0.023148,594.246272
0.000000,0.000000,482.241837,0.000000,0.000000,89.600869,32.138958,0.294955,591.535421
0.000000,0.000000,470.824672,0.000000,0.000000,76.887190,30.132750,0.221158,589.059465
0.000000,0.000000,469.454623,0.000000,0.000000,79.177613,31.934890,0.015502,583.850204
0.000000,0.000000,468.110758,0.000000,0.000000,84.323997,32.866143,0.285484,574.283867
0.000000,0.000000,480.480909,0.000000,0.000000,80.910159,32.210525,0.018500,601.053851
0.000000,0.000000,471.347096,0.000000,0.000000,80.625724,29.740595,0.243418,594.711353
0.000000,0.000000,468.121507,0.000000,0.000000,83.010181,31.718864,0.022753,576.472144
0.000000,0.000000,470.505410,0.000000,0.000000,83.630016,31.161729,0.263442,583.183742
0.000000,0.000000,469.517181,0.000000,0.000000,83.888946,30.832156,0.017898,588.159593
0.000000,0.000000,468.218763,0.000000,0.000000,83.269537,32.023809,0.226473,588.762171
0.000000,0.000000,469.951657,0.000000,0.000000,81.006051,31.076007,0.020394,581.702515
0.000000,0.000000,472.278852,0.000000,0.000000,82.717646,30.555955,0.220696,588.202762
0.000000,0.000000,470.327916,0.000000,0.000000,80.452871,30.970493,0.021693,586.762258
0.000000,0.000000,476.942212,0.000000,0.000000,81.043528,31.804611,0.223618,593.293550
0.000000,0.000000,469.439339,0.000000,0.000000,85.604396,30.574453,0.016073,586.028479
0.000000,0.000000,467.528498,0.000000,0.000000,86.836471,33.007614,0.268667,586.339366
0.000000,0.000000,470.270435,0.000000,0.000000,89.877180,34.287441,0.020273,584.859759
0.000000,0.000000,469.666016,0.000000,0.000000,90.373827,30.526555,0.282703,586.389807
0.000000,0.000000,477.130955,0.000000,0.000000,90.683034,31.617889,0.017208,591.342531
0.000000,0.000000,471.750167,0.000000,0.000000,95.027011,31.269940,0.270237,589.089836
0.000000,0.000000,470.852932,0.000000,0.000000,91.695960,35.162576,0.022277,592.161628
0.000000,0.000000,474.721936,0.000000,0.000000,93.648250,34.785307,0.302392,600.099265
0.000000,0.000000,479.798393,0.000000,0.000000,98.129030,34.424215,0.268042,602.386755
0.000000,0.000000,470.560600,0.000000,0.000000,96.517172,36.442002,0.243220,594.420159
0.000000,0.000000,469.240113,0.000000,0.000000,93.269841,32.068701,0.303693,596.944933
0.000000,0.000000,483.179428,0.000000,0.000000,87.560445,31.145259,0.272883,611.380343
0.000000,0.000000,468.766178,0.000000,0.000000,91.764766,34.036560,0.342062,598.687949
0.000000,0.000000,468.974664,0.000000,0.000000,94.885549,31.819171,0.255406,602.908745
0.000000,0.000000,475.264293,0.000000,0.000000,88.123125,33.960431,0.256134,609.558476
0.000000,0.000000,483.744977,0.000000,0.000000,91.559340,35.078647,0.246822,610.582736
0.000000,0.000000,469.265318,0.000000,0.000000,272.278333,127.931386,1.800821,589.525561
0.000000,0.000000,470.425121,0.000000,0.000000,91.895331,31.178233,0.253243,598.871813
0.000000,0.000000,469.996952,0.000000,0.000000,84.461209,29.421726,0.216814,598.518742
0.000000,0.000000,472.261627,0.000000,0.000000,84.341013,32.272350,0.290889,595.795992
0.000000,0.000000,471.105422,0.000000,0.000000,85.562813,31.038024,0.248286,599.539818
0.000000,0.000000,468.501463,0.000000,0.000000,84.085566,30.796511,0.266166,874.861965
0.000000,0.000000,1148.370758,0.000000,0.000000,85.708022,29.352637,0.304696,1275.210108
0.000000,0.000000,471.253349,0.000000,0.000000,82.842918,29.833319,0.243170,586.506461
0.000000,0.000000,480.178046,0.000000,0.000000,84.682680,30.572851,0.216346,598.346954
0.000000,0.000000,473.447924,0.000000,0.000000,83.568576,30.845018,0.231365,591.640673
0.000000,0.000000,475.327717,0.000000,0.000000,85.110658,32.932918,0.270446,591.653404
0.000000,0.000000,470.617854,0.000000,0.000000,85.129549,31.470996,0.223340,587.082973
0.000000,0.000000,473.748796,0.000000,0.000000,83.546378,30.637191,0.318901,587.771632
0.000000,0.000000,468.769661,0.000000,0.000000,82.553421,30.415524,0.209016,587.526212
0.000000,0.000000,471.851734,0.000000,0.000000,80.428138,29.167003,0.265145,590.847371
0.000000,0.000000,472.688446,0.000000,0.000000,78.263795,28.746226,0.268717,592.274468
0.000000,0.000000,470.314040,0.000000,0.000000,75.742005,29.674907,0.232519,588.279489
0.000000,0.000000,477.710082,0.000000,0.000000,82.217252,32.159016,0.244388,593.532910
0.000000,0.000000,470.504936,0.000000,0.000000,87.081336,31.291235,0.249432,584.742839
0.000000,0.000000,469.545207,0.000000,0.000000,82.575335,28.863861,0.283521,580.502285
0.000000,0.000000,469.038661,0.000000,0.000000,81.396866,31.019206,0.243724,577.607168
0.000000,0.000000,469.030153,0.000000,0.000000,83.791058,29.563548,0.251664,575.743540
0.000000,0.000000,478.634366,0.000000,0.000000,80.660105,28.269392,0.297255,594.478926
0.000000,0.000000,471.034248,0.000000,0.000000,84.226734,29.889129,0.237587,590.748978
0.000000,0.000000,467.201575,0.000000,0.000000,83.331338,30.207453,0.233880,579.988974
0.000000,0.000000,470.972000,0.000000,0.000000,87.149688,31.540581,0.253724,584.677685
0.000000,0.000000,470.462750,0.000000,0.000000,89.324063,32.522790,0.321790,585.173144
0.000000,0.000000,474.607417,0.000000,0.000000,88.029445,32.871795,0.228091,584.938878
0.000000,0.000000,484.627078,0.000000,0.000000,89.678292,33.913954,0.247514,603.009815
0.000000,0.000000,472.598287,0.000000,0.000000,94.821675,32.171987,0.246051,587.512487
0.000000,0.000000,472.032583,0.000000,0.000000,96.107363,34.271771,0.265446,592.129163
0.000000,0.000000,475.182258,0.000000,0.000000,93.050085,32.560666,0.238956,599.191033
0.000000,0.000000,470.427013,0.000000,0.000000,87.639449,30.608358,0.241309,592.646319
0.000000,0.000000,471.919665,0.000000,0.000000,82.253102,32.246090,0.254212,596.879868
0.000000,0.000000,468.476346,0.000000,0.000000,81.699659,30.006283,0.206583,596.933982
0.000000,0.000000,472.877078,0.000000,0.000000,80.083648,31.465650,0.248919,604.701337
0.000000,0.000000,471.287112,0.000000,0.000000,82.285337,31.390647,0.241729,598.399695
0.000000,0.000000,470.086444,0.000000,0.000000,86.777295,31.082656,0.282479,590.140088
0.000000,0.000000,469.704668,0.000000,0.000000,86.917361,30.897529,0.239478,585.626422
0.000000,0.000000,472.056429,0.000000,0.000000,87.314753,31.427029,0.296385,585.147859
0.000000,0.000000,474.871800,0.000000,0.000000,90.832064,32.981758,0.325522,587.803080
0.000000,0.000000,473.958342,0.000000,0.000000,87.278334,32.317172,0.229588,588.947148
0.000000,0.000000,472.360550,0.000000,0.000000,87.411492,31.503101,0.243062,591.850895
0.000000,0.000000,473.106069,0.000000,0.000000,233.087990,122.407596,1.934773,592.285501
0.000000,0.000000,469.504133,0.000000,0.000000,90.213465,35.610003,0.333541,589.801402
0.000000,0.000000,486.882931,0.000000,0.000000,93.732760,31.225494,0.331938,612.417150
0.000000,0.000000,476.304206,0.000000,0.000000,95.030011,33.536263,0.262557,597.200255
0.000000,0.000000,478.991261,0.000000,0.000000,94.853861,32.790618,0.231639,599.365924
0.000000,0.000000,472.301878,0.000000,0.000000,101.301552,34.009129,0.327950,833.937313
0.000000,0.000000,987.163475,0.000000,0.000000,95.477480,31.964668,0.304538,1128.141042
0.000000,0.000000,469.246178,0.000000,0.000000,94.562053,32.142705,0.299377,595.925709
0.000000,0.000000,468.824902,0.000000,0.000000,107.199630,37.030822,0.260997,598.817520
0.000000,0.000000,473.694472,0.000000,0.000000,337.648939,129.353523,1.716954,602.744251
0.000000,0.000000,471.311662,0.000000,0.000000,102.386035,34.506181,0.241052,608.628061
0.000000,0.000000,469.065657,0.000000,0.000000,105.394574,36.414472,0.260406,597.968352
0.000000,0.000000,475.701441,0.000000,0.000000,103.765568,33.568272,0.239611,603.859383
0.000000,0.000000,473.009938,0.000000,0.000000,102.496480,35.442028,0.260922,618.696818
0.000000,0.000000,470.768835,0.000000,0.000000,108.017814,34.011004,0.269290,943.283430
0.000000,0.000000,1099.858305,0.000000,0.000000,102.619537,32.609500,0.233968,1240.889882
0.000000,0.000000,470.793954,0.000000,0.000000,98.684049,31.960289,0.293979,614.129453
0.000000,0.000000,472.484317,0.000000,0.000000,101.788766,36.869558,0.275491,611.650031
0.000000,0.000000,475.756049,0.000000,0.000000,115.518248,35.311739,0.266095,615.049965
0.000000,0.000000,471.115515,0.000000,0.000000,100.705374,33.030832,0.285255,614.570326
0.000000,0.000000,475.975460,0.000000,0.000000,102.038199,36.361786,0.352902,612.597346
0.000000,0.000000,471.025100,0.000000,0.000000,105.455131,34.116035,0.238056,603.141294
0.000000,0.000000,470.977793,0.000000,0.000000,99.087597,34.558061,0.225963,611.286168
0.000000,0.000000,469.373815,0.000000,0.000000,94.737907,34.711543,0.250617,621.598798
0.000000,0.000000,471.237811,0.000000,0.000000,102.468979,34.512603,0.261646,606.592102
0.000000,0.000000,472.325316,0.000000,0.000000,100.155695,33.035401,0.244586,612.459842
0.000000,0.000000,473.570319,0.000000,0.000000,101.911918,35.437515,0.295325,614.664154
0.000000,0.000000,472.532563,0.000000,0.000000,104.143796,33.872579,0.348599,607.642707
0.000000,0.000000,474.594037,0.000000,0.000000,103.806475,34.425648,0.267646,605.659599
0.000000,0.000000,472.121414,0.000000,0.000000,101.931445,31.769882,0.249424,610.554648
0.000000,0.000000,469.866290,0.000000,0.000000,103.740956,35.612489,0.279353,604.707567
0.000000,0.000000,472.367148,0.000000,0.000000,101.534221,34.274829,0.246834,611.136273
0.000000,0.000000,470.066427,0.000000,0.000000,100.441582,31.606353,0.240779,609.826549
0.000000,0.000000,468.789733,0.000000,0.000000,313.931205,126.552659,1.786927,608.567478
0.000000,0.000000,473.536865,0.000000,0.000000,102.995678,36.421109,0.265269,608.697653
0.000000,0.000000,470.976787,0.000000,0.000000,102.053799,33.408509,0.237585,611.955525
0.000000,0.000000,477.972563,0.000000,0.000000,96.694701,32.265144,0.331483,615.276341
0.000000,0.000000,471.272290,0.000000,0.000000,96.599903,33.292715,0.258643,604.796881
0.000000,0.000000,471.919302,0.000000,0.000000,101.914864,32.160198,0.361305,932.722280
0.000000,0.000000,1068.188986,0.000000,0.000000,99.861926,34.480725,0.247144,1212.398932
0.000000,0.000000,472.769723,0.000000,0.000000,101.815535,33.185333,0.265259,609.575280
0.000000,0.000000,475.107792,0.000000,0.000000,100.618862,35.260837,0.330499,605.896283
0.000000,0.000000,475.490599,0.000000,0.000000,103.047423,33.435645,0.270458,606.717733
0.000000,0.000000,472.262235,0.000000,0.000000,102.138189,31.984902,0.284111,607.860791
0.000000,0.000000,470.179244,0.000000,0.000000,117.157629,32.943316,0.252608,605.899777
0.000000,0.000000,472.276481,0.000000,0.000000,103.319861,32.174852,0.250247,609.323169
0.000000,0.000000,470.143281,0.000000,0.000000,103.276845,32.608952,0.247038,607.923837
0.000000,0.000000,494.003681,0.000000,0.000000,101.449575,32.345190,0.253091,631.972941
0.000000,0.000000,475.674685,0.000000,0.000000,99.879891,32.878837,0.278751,611.310151
0.000000,0.000000,475.692769,0.000000,0.000000,101.867633,34.613286,0.276340,627.227839
0.000000,0.000000,476.251459,0.000000,0.000000,305.533448,133.283516,2.047921,613.305575
0.000000,0.000000,470.769941,0.000000,0.000000,101.999993,30.990656,0.265093,608.090359
0.000000,0.000000,484.905969,0.000000,0.000000,110.121471,46.537379,0.303050,620.242844
0.000000,0.000000,477.778767,0.000000,0.000000,110.522021,33.647817,0.249123,613.423361
0.000000,0.000000,469.090949,0.000000,0.000000,101.390545,36.445634,0.264851,607.080280
0.000000,0.000000,472.145774,0.000000,0.000000,315.749827,118.305413,1.541920,919.162655
0.000000,0.000000,1102.518175,0.000000,0.000000,100.830923,31.268294,0.253551,1245.110788
0.000000,0.000000,486.357525,0.000000,0.000000,100.063585,32.129068,0.235608,644.551966
0.000000,0.000000,468.980372,0.000000,0.000000,104.257681,34.741775,0.249508,614.562617
0.000000,0.000000,472.197373,0.000000,0.000000,102.633600,30.990318,0.325245,611.403975
0.000000,0.000000,470.863028,0.000000,0.000000,101.358961,32.342236,0.326880,920.330780
0.000000,0.000000,1105.208883,0.000000,0.000000,101.112936,31.675888,0.250730,1241.746462
0.000000,0.000000,471.104476,0.000000,0.000000,101.294023,31.131356,0.276349,604.669198
0.000000,0.000000,469.441353,0.000000,0.000000,100.983642,32.267523,0.278654,610.131077
0.000000,0.000000,469.698820,0.000000,0.000000,102.181166,32.905305,0.243652,605.017704
0.000000,0.000000,469.630620,0.000000,0.000000,0.000000,-nan,0.000000,605.003361
0.000000,0.000000,473.390426,0.000000,0.000000,0.000000,-nan,0.000000,610.667894
0.000000,0.000000,470.636988,0.000000,0.000000,0.000000,-nan,0.000000,604.539826
0.000000,0.000000,476.195775,0.000000,0.000000,0.000000,-nan,0.000000,610.928521
0.000000,0.000000,470.887998,0.000000,0.000000,0.000000,-nan,0.000000,607.378187
