# ground truth trajectory
# timestamp tx ty tz qx qy qz qw
1548339959.12786 -0.659399 -1.33594 1.5663 0.19119 0.101081 0.00631982 -0.976314
1548339959.16115 -0.659395 -1.33527 1.56633 0.191089 0.100814 0.0062643 -0.976362
1548339959.19453 -0.659143 -1.33407 1.56648 0.196764 0.0993468 0.00558193 -0.975389
1548339959.22750 -0.65927 -1.33354 1.56707 0.196457 0.0984841 0.00505 -0.975541
1548339959.26098 -0.659416 -1.33316 1.5676 0.197197 0.0966962 0.00479516 -0.975572
1548339959.29429 -0.65973 -1.33237 1.5682 0.198391 0.0963861 0.00306108 -0.975367
1548339959.32786 -0.660082 -1.33164 1.56874 0.199245 0.0958932 0.00232467 -0.975244
1548339959.36115 -0.660542 -1.33096 1.5692 0.19933 0.096445 0.00190068 -0.975173
1548339959.39421 -0.660999 -1.3304 1.5697 0.199941 0.098365 0.00133029 -0.974857
1548339959.42757 -0.661737 -1.33041 1.57049 0.196708 0.101036 4.856e-05 -0.975242
1548339959.46114 -0.662253 -1.33102 1.57136 0.192691 0.101326 0.000439109 -0.976014
1548339959.49456 -0.662269 -1.33127 1.572 0.19253 0.101299 5.71313e-05 -0.976049
1548339959.52799 -0.662094 -1.3317 1.57254 0.191944 0.100761 -0.00260268 -0.976216
1548339959.56105 -0.662075 -1.33131 1.57296 0.192178 0.100184 -0.00261422 -0.976229
1548339959.59441 -0.661799 -1.33108 1.5733 0.191262 0.099181 -0.00324459 -0.97651
1548339959.62780 -0.661519 -1.33017 1.57342 0.190745 0.0993447 -0.00698819 -0.976575
1548339959.66121 -0.661525 -1.32886 1.57358 0.191469 0.0985116 -0.00764222 -0.976512
1548339959.69444 -0.661802 -1.32744 1.57377 0.191142 0.0977392 -0.00759011 -0.976655
1548339959.72802 -0.662155 -1.32593 1.57386 0.191604 0.0989546 -0.0125086 -0.976391
1548339959.76126 -0.662176 -1.32394 1.5738 0.19282 0.100179 -0.0144561 -0.976
1548339959.79446 -0.662208 -1.32285 1.57376 0.192816 0.0991968 -0.0131787 -0.976119
1548339959.82787 -0.662746 -1.32156 1.57382 0.191782 0.0991925 -0.0164052 -0.976274
1548339959.86112 -0.662947 -1.32025 1.57376 0.192269 0.0988077 -0.0153162 -0.976235
1548339959.89441 -0.662747 -1.31968 1.57357 0.192174 0.0968074 -0.0133389 -0.976483
1548339959.92788 -0.662878 -1.31887 1.57334 0.191249 0.0979748 -0.0158305 -0.976511
1548339959.96086 -0.662703 -1.31799 1.57271 0.189088 0.0967037 -0.0170311 -0.977038
1548339959.99426 -0.662359 -1.3173 1.57187 0.187584 0.0962308 -0.0148452 -0.977411
1548339960.02765 -0.662087 -1.31643 1.57072 0.18751 0.0949348 -0.0149615 -0.97755
1548339960.06087 -0.661982 -1.31573 1.56959 0.185277 0.093486 -0.0140044 -0.978129
1548339960.09444 -0.661885 -1.31477 1.56813 0.184537 0.0922413 -0.0137398 -0.978391
1548339960.12783 -0.662349 -1.31418 1.56706 0.184159 0.0932224 -0.0150507 -0.97835
1548339960.16113 -0.662704 -1.31309 1.56593 0.184434 0.0933634 -0.0138255 -0.978303
1548339960.19431 -0.662754 -1.31178 1.56487 0.186687 0.093265 -0.0111271 -0.977919
1548339960.22776 -0.663061 -1.31103 1.56419 0.183943 0.0940531 -0.0103074 -0.978373
1548339960.26111 -0.663213 -1.30985 1.56364 0.182984 0.0933885 -0.0091725 -0.978627
1548339960.29448 -0.663226 -1.30885 1.56333 0.18154 0.09411 -0.00862561 -0.978832
1548339960.32806 -0.662873 -1.30751 1.56283 0.180819 0.0944412 -0.00682475 -0.978948
1548339960.36126 -0.661848 -1.30654 1.56243 0.18129 0.0931564 -0.005045 -0.978995
1548339960.39436 -0.661147 -1.30557 1.56193 0.178667 0.0931664 -0.00375552 -0.979482
1548339960.42798 -0.660281 -1.3052 1.5611 0.17849 0.0911906 -0.0052902 -0.979693
1548339960.46077 -0.659063 -1.30457 1.55976 0.180398 0.0884002 -0.00166917 -0.979612
1548339960.49431 -0.658358 -1.305 1.55899 0.175587 0.0877279 -0.00163528 -0.980546
1548339960.52789 -0.65772 -1.30546 1.55814 0.173245 0.0868386 -0.000379073 -0.981043
1548339960.56118 -0.657049 -1.30576 1.55712 0.17257 0.0864592 0.00200456 -0.981193
1548339960.59436 -0.657156 -1.30684 1.55694 0.169523 0.0872366 0.000607853 -0.981657
1548339960.62772 -0.657504 -1.30717 1.55699 0.169536 0.0871741 -9.49665e-05 -0.981661
1548339960.66115 -0.65777 -1.3076 1.5576 0.171142 0.0878698 -0.000594828 -0.98132
1548339960.69457 -0.65763 -1.30866 1.55856 0.174529 0.089412 -0.00286873 -0.98058
1548339960.72746 -0.657457 -1.30979 1.56 0.176847 0.0917917 -0.00486561 -0.979937
1548339960.76101 -0.65714 -1.31088 1.56196 0.181894 0.0917746 -0.00580796 -0.979009
1548339960.79431 -0.657489 -1.31243 1.56482 0.18417 0.0934355 -0.00820149 -0.978409
1548339960.82773 -0.658264 -1.31429 1.56814 0.184703 0.0947123 -0.0094366 -0.978175
1548339960.86112 -0.658662 -1.31622 1.57126 0.188313 0.0953913 -0.00928864 -0.977421
1548339960.89439 -0.659392 -1.31805 1.57415 0.188867 0.0978009 -0.00993544 -0.97707
1548339960.92758 -0.659586 -1.32008 1.57634 0.192483 0.0983341 -0.0115112 -0.976293
1548339960.96095 -0.660158 -1.32142 1.57829 0.194082 0.100199 -0.0109566 -0.975793
1548339960.99448 -0.6607 -1.32255 1.57988 0.196135 0.101895 -0.0129639 -0.975182
1548339961.02780 -0.661456 -1.32392 1.58131 0.19685 0.103371 -0.0147823 -0.974857
1548339961.06110 -0.662157 -1.32523 1.5829 0.197317 0.105129 -0.0133551 -0.974595
1548339961.09456 -0.662815 -1.32635 1.58427 0.196901 0.106645 -0.0126105 -0.974524
1548339961.12792 -0.663684 -1.32741 1.58566 0.198846 0.106248 -0.0133317 -0.974163
1548339961.16127 -0.66429 -1.32859 1.58699 0.198489 0.107849 -0.0118846 -0.974079
1548339961.19466 -0.664514 -1.32959 1.58775 0.198405 0.108203 -0.010168 -0.974076
1548339961.22801 -0.664649 -1.33119 1.58826 0.198798 0.107317 -0.0115736 -0.974078
1548339961.26126 -0.664551 -1.33246 1.58798 0.200059 0.106367 -0.0107356 -0.973934
1548339961.29460 -0.664505 -1.33382 1.5874 0.199185 0.106684 -0.0102081 -0.974084
1548339961.32806 -0.664277 -1.33507 1.58614 0.200002 0.105714 -0.00995975 -0.974025
1548339961.36141 -0.664481 -1.33678 1.58485 0.197284 0.105811 -0.00868786 -0.974581
1548339961.39463 -0.664431 -1.33807 1.58292 0.195426 0.103552 -0.00844163 -0.9752
1548339961.42758 -0.664453 -1.33944 1.58111 0.192985 0.103931 -0.00701467 -0.975657
1548339961.46089 -0.664244 -1.34037 1.57889 0.190845 0.101715 -0.00498785 -0.976324
1548339961.49424 -0.664116 -1.34097 1.57696 0.189035 0.100207 -0.00233442 -0.976841
1548339961.52751 -0.664112 -1.34106 1.57506 0.188726 0.0993032 -0.000964783 -0.976996
1548339961.56097 -0.663963 -1.34126 1.57321 0.187311 0.0970175 -5.89817e-05 -0.977498
1548339961.59460 -0.663893 -1.34159 1.57181 0.184965 0.0959425 0.00158498 -0.978049
1548339961.62774 -0.664135 -1.34061 1.57046 0.182353 0.0970327 0.00361761 -0.978427
1548339961.66107 -0.664082 -1.33993 1.5693 0.182464 0.0961747 0.00463542 -0.978486
1548339961.69448 -0.663796 -1.339 1.56851 0.180168 0.09542 0.00416304 -0.978988
1548339961.72787 -0.66309 -1.33754 1.56759 0.179423 0.0949472 0.00466891 -0.979168
1548339961.76098 -0.662234 -1.33605 1.5666 0.179801 0.0952286 0.00429508 -0.979073
1548339961.79441 -0.661041 -1.33487 1.56555 0.181947 0.0926672 0.0022365 -0.97893
1548339961.82808 -0.659777 -1.33271 1.56453 0.183101 0.0912646 0.00236381 -0.978846
1548339961.86088 -0.65917 -1.33068 1.56372 0.180396 0.0920062 0.00177524 -0.97928
1548339961.89474 -0.658351 -1.32834 1.56271 0.181448 0.0921158 0.00252845 -0.979074
1548339961.92780 -0.657986 -1.32669 1.56198 0.179422 0.0920128 0.00178845 -0.979458
1548339961.96118 -0.657181 -1.32459 1.56086 0.183379 0.0899444 0.000295537 -0.978919
1548339961.99429 -0.656802 -1.32235 1.55976 0.184924 0.0914359 -0.00160922 -0.978489
1548339962.02780 -0.656537 -1.32081 1.55892 0.182967 0.091998 -0.00204922 -0.978803
1548339962.06131 -0.655934 -1.3191 1.55789 0.183468 0.0923932 -0.00258488 -0.978671
1548339962.09453 -0.655369 -1.31732 1.55666 0.182395 0.0926302 -0.005285 -0.978838
1548339962.12775 -0.654614 -1.31565 1.55526 0.183468 0.0925011 -0.00607306 -0.978645
1548339962.16127 -0.653817 -1.31406 1.5539 0.184082 0.092706 -0.00767364 -0.978499
1548339962.19450 -0.652869 -1.31264 1.55234 0.182204 0.0929769 -0.011596 -0.978786
1548339962.22761 -0.65175 -1.31147 1.55069 0.183382 0.0915753 -0.0130872 -0.97868
1548339962.26096 -0.650876 -1.31059 1.54922 0.182657 0.0932923 -0.0135689 -0.978647
1548339962.29402 -0.649922 -1.31003 1.54796 0.181507 0.0938188 -0.0196905 -0.978706
1548339962.32748 -0.648524 -1.3099 1.54701 0.181938 0.0943609 -0.0223342 -0.978517
1548339962.36104 -0.646788 -1.31014 1.5458 0.179243 0.0941352 -0.0255874 -0.978956
1548339962.39458 -0.644916 -1.31037 1.54457 0.177923 0.0957732 -0.0298918 -0.978916
1548339962.42783 -0.642723 -1.31021 1.54308 0.178612 0.0945986 -0.031646 -0.97885
1548339962.46104 -0.64089 -1.31037 1.54183 0.175157 0.094045 -0.0359286 -0.97938
1548339962.49425 -0.638879 -1.31033 1.54067 0.17633 0.0939505 -0.0385148 -0.97908
1548339962.52770 -0.636967 -1.3103 1.53956 0.174227 0.0910975 -0.0399875 -0.979667
1548339962.56121 -0.635403 -1.30978 1.53852 0.175061 0.091291 -0.0401558 -0.979493
1548339962.59455 -0.634307 -1.30942 1.53753 0.173514 0.0899868 -0.0427391 -0.97978
1548339962.62772 -0.633709 -1.30876 1.53685 0.172674 0.0908981 -0.0436594 -0.979804
1548339962.66134 -0.633351 -1.30808 1.53614 0.17182 0.0907451 -0.0470864 -0.979809
1548339962.69460 -0.632761 -1.30746 1.53539 0.17124 0.0921893 -0.049953 -0.979634
1548339962.72797 -0.63244 -1.30693 1.53474 0.172225 0.0937295 -0.0506361 -0.97928
1548339962.76143 -0.632543 -1.30644 1.53407 0.1743 0.0954811 -0.0534071 -0.978596
1548339962.79464 -0.632645 -1.30639 1.5336 0.173851 0.0980505 -0.0558586 -0.978285
1548339962.82790 -0.632788 -1.30648 1.53326 0.173883 0.0998279 -0.0571566 -0.978025
1548339962.86126 -0.633417 -1.30656 1.53309 0.173505 0.101698 -0.0588032 -0.977802
1548339962.89456 -0.633907 -1.30656 1.5329 0.174966 0.10372 -0.0601922 -0.977244
1548339962.92798 -0.633777 -1.30687 1.53263 0.175717 0.10481 -0.0601486 -0.976996
1548339962.96102 -0.632815 -1.30728 1.53252 0.17486 0.106793 -0.0603034 -0.976925
1548339962.99458 -0.631121 -1.3074 1.53241 0.174996 0.106982 -0.0615968 -0.976799
1548339963.02777 -0.629395 -1.30737 1.53223 0.175526 0.105784 -0.0615901 -0.976835
1548339963.06103 -0.626724 -1.30764 1.53245 0.174514 0.106585 -0.0628984 -0.976846
1548339963.09431 -0.624086 -1.30798 1.5332 0.176182 0.10395 -0.064006 -0.976759
1548339963.12776 -0.620964 -1.30842 1.53401 0.175001 0.103334 -0.0654754 -0.976939
1548339963.16117 -0.618328 -1.30889 1.53533 0.17586 0.101775 -0.067376 -0.976819
1548339963.19459 -0.615894 -1.30914 1.53673 0.177565 0.101025 -0.0708732 -0.976341
1548339963.22770 -0.613663 -1.30899 1.53845 0.17844 0.100789 -0.071091 -0.97619
1548339963.26104 -0.610953 -1.30876 1.54019 0.180493 0.102322 -0.0724472 -0.975553
1548339963.29410 -0.608623 -1.30828 1.5419 0.182115 0.103508 -0.075903 -0.974864
1548339963.32786 -0.606444 -1.30758 1.54354 0.183091 0.103314 -0.0779501 -0.97454
1548339963.36116 -0.604398 -1.30691 1.54517 0.184975 0.104318 -0.0790942 -0.973985
1548339963.39453 -0.602672 -1.30681 1.54711 0.186248 0.106255 -0.0821733 -0.973277
1548339963.42776 -0.600932 -1.30689 1.54863 0.187449 0.106306 -0.0806754 -0.973167
1548339963.46078 -0.598643 -1.30708 1.54985 0.188388 0.106072 -0.0816784 -0.972927
1548339963.49444 -0.596743 -1.30761 1.55103 0.189514 0.106505 -0.0859268 -0.972295
1548339963.52785 -0.594474 -1.30888 1.55218 0.189464 0.106979 -0.0907293 -0.971816
1548339963.56108 -0.592058 -1.31054 1.55356 0.188842 0.108943 -0.0967534 -0.971138
1548339963.59462 -0.589141 -1.31235 1.55484 0.188351 0.108977 -0.10146 -0.970749
1548339963.62793 -0.586143 -1.3147 1.55591 0.186858 0.107778 -0.108669 -0.970391
1548339963.66117 -0.583383 -1.31695 1.55701 0.185634 0.107786 -0.115232 -0.969868
1548339963.69461 -0.580687 -1.3195 1.55787 0.185829 0.106813 -0.116692 -0.969764
1548339963.72768 -0.577844 -1.32235 1.5584 0.184496 0.106084 -0.124224 -0.969163
1548339963.76140 -0.575128 -1.32495 1.55884 0.182872 0.106186 -0.132481 -0.968365
1548339963.79440 -0.572702 -1.32771 1.559 0.182961 0.104064 -0.134022 -0.968367
1548339963.82787 -0.570595 -1.33069 1.55977 0.178684 0.101673 -0.141442 -0.968364
1548339963.86094 -0.569494 -1.33275 1.56076 0.180506 0.105734 -0.138848 -0.967966
1548339963.89446 -0.568788 -1.3346 1.56177 0.181752 0.106259 -0.139481 -0.967585
1548339963.92791 -0.568285 -1.33617 1.56321 0.178261 0.106934 -0.144208 -0.967467
1548339963.96074 -0.568491 -1.3371 1.56459 0.181464 0.110775 -0.147138 -0.965997
1548339963.99442 -0.569032 -1.3378 1.56618 0.185214 0.11408 -0.145303 -0.965178
1548339964.02752 -0.569303 -1.33864 1.56831 0.187293 0.115912 -0.146818 -0.964329
1548339964.06110 -0.570014 -1.3391 1.57045 0.187301 0.120347 -0.151733 -0.963022
1548339964.09458 -0.570162 -1.34006 1.57248 0.189354 0.119162 -0.154664 -0.962302
1548339964.12782 -0.570001 -1.34093 1.57437 0.186867 0.119956 -0.151658 -0.963167
1548339964.16096 -0.569721 -1.34171 1.57584 0.191967 0.123691 -0.151571 -0.961704
1548339964.19463 -0.568542 -1.34331 1.57802 0.186674 0.118367 -0.155881 -0.962727
1548339964.22808 -0.567467 -1.34422 1.5791 0.186748 0.118457 -0.152698 -0.963211
1548339964.26108 -0.566196 -1.3447 1.57953 0.188547 0.118113 -0.15428 -0.962651
1548339964.29463 -0.565164 -1.34542 1.58 0.189202 0.116178 -0.155351 -0.962586
1548339964.32796 -0.56418 -1.34623 1.58005 0.190349 0.114519 -0.154511 -0.962694
1548339964.39471 -0.56268 -1.34808 1.57979 0.188478 0.110248 -0.154897 -0.963498
1548339964.42794 -0.562504 -1.34933 1.57956 0.188602 0.108093 -0.150962 -0.964342
1548339964.46115 -0.562579 -1.35049 1.57939 0.187884 0.106874 -0.149278 -0.96488
1548339964.49421 -0.562683 -1.35176 1.57931 0.186634 0.106254 -0.149082 -0.965222
1548339964.52804 -0.562958 -1.353 1.57922 0.187461 0.103576 -0.146728 -0.965713
1548339964.59453 -0.564055 -1.35524 1.57929 0.184665 0.098865 -0.146176 -0.966829
1548339964.62773 -0.565178 -1.35589 1.57894 0.186136 0.100104 -0.138225 -0.967588
1548339964.66110 -0.566087 -1.35694 1.57891 0.183089 0.0965358 -0.135984 -0.968849
1548339964.69454 -0.567216 -1.35709 1.578 0.183224 0.0992708 -0.130316 -0.969326
1548339964.72788 -0.567912 -1.35728 1.57664 0.185131 0.0964945 -0.127703 -0.969591
1548339964.76120 -0.568168 -1.35781 1.5751 0.181464 0.0935481 -0.124025 -0.97105
1548339964.79442 -0.568624 -1.35855 1.57298 0.179611 0.0924949 -0.122327 -0.97171
1548339964.82777 -0.568711 -1.35918 1.5707 0.178036 0.0900474 -0.118485 -0.972706
1548339964.86101 -0.568653 -1.35969 1.56818 0.175136 0.0867776 -0.115483 -0.973889
1548339964.89450 -0.568811 -1.36003 1.56569 0.171618 0.0842677 -0.112589 -0.975074
1548339964.92781 -0.569411 -1.35999 1.56339 0.170873 0.0817011 -0.108696 -0.975865
1548339964.96077 -0.570648 -1.35936 1.5615 0.169367 0.0797924 -0.104907 -0.9767
1548339964.99419 -0.572333 -1.35802 1.55971 0.169318 0.078207 -0.100769 -0.977272
1548339965.02778 -0.574197 -1.35645 1.55806 0.167986 0.0769115 -0.0966773 -0.978018
1548339965.06138 -0.575943 -1.35452 1.5564 0.168995 0.0751082 -0.0926448 -0.978374
1548339965.09468 -0.577659 -1.35252 1.55471 0.169792 0.073889 -0.0895964 -0.978613
1548339965.12807 -0.57897 -1.35082 1.55279 0.168946 0.0718071 -0.0850294 -0.979322
1548339965.16126 -0.580605 -1.3491 1.55073 0.16795 0.0701103 -0.08254 -0.979829
1548339965.19464 -0.582243 -1.34706 1.54854 0.169948 0.0685715 -0.0781802 -0.979951
1548339965.22804 -0.583872 -1.34533 1.54635 0.167031 0.0681134 -0.0738317 -0.980821
1548339965.26142 -0.585557 -1.34391 1.54431 0.167279 0.0658909 -0.0705141 -0.981175
1548339965.29423 -0.587194 -1.34236 1.5421 0.168027 0.0641998 -0.0667816 -0.98142
1548339965.32806 -0.588701 -1.34131 1.53993 0.1644 0.0631206 -0.0620475 -0.982415
1548339965.36131 -0.590171 -1.34038 1.53789 0.163578 0.060498 -0.0585199 -0.982933
1548339965.39460 -0.59134 -1.33927 1.53592 0.163029 0.0579575 -0.0530313 -0.983489
1548339965.42772 -0.593059 -1.33779 1.53409 0.163043 0.0561562 -0.049172 -0.983791
1548339965.46097 -0.59482 -1.33624 1.53263 0.162952 0.0551542 -0.0440816 -0.984105
1548339965.49433 -0.596949 -1.33448 1.5314 0.165146 0.0531313 -0.0378485 -0.984109
1548339965.52773 -0.599555 -1.33263 1.53069 0.166299 0.0527733 -0.0318013 -0.984149
1548339965.56111 -0.602302 -1.33065 1.5303 0.169133 0.0523564 -0.0254171 -0.983873
1548339965.59419 -0.605581 -1.32851 1.53022 0.171842 0.0525273 -0.019213 -0.983535
1548339965.62763 -0.60897 -1.32638 1.53038 0.175136 0.0526579 -0.0104694 -0.983079
1548339965.66121 -0.612753 -1.32454 1.53116 0.176397 0.05375 -0.00272996 -0.982847
1548339965.69443 -0.616772 -1.32205 1.53146 0.177727 0.055992 0.00548377 -0.98247
1548339965.72784 -0.620847 -1.32067 1.53195 0.180186 0.0570097 0.0095228 -0.981933
1548339965.76117 -0.624554 -1.31967 1.53249 0.182515 0.0570809 0.015868 -0.981417
1548339965.79434 -0.627771 -1.31892 1.53293 0.182851 0.0569987 0.0208343 -0.981266
1548339965.82779 -0.630247 -1.31862 1.53322 0.182774 0.0562862 0.0268924 -0.981174
1548339965.86140 -0.632586 -1.31881 1.53364 0.184206 0.0536314 0.0315791 -0.980915
1548339965.89470 -0.634993 -1.31939 1.53427 0.183696 0.0527372 0.0357132 -0.980918
1548339965.92779 -0.636968 -1.31993 1.53468 0.183122 0.050827 0.0415192 -0.980897
1548339965.96113 -0.639156 -1.32003 1.53508 0.183891 0.0495736 0.0460839 -0.980613
1548339965.99443 -0.641684 -1.31985 1.53556 0.187165 0.0481679 0.0481372 -0.979965
1548339966.02792 -0.64431 -1.32025 1.53651 0.185339 0.0486665 0.0539673 -0.979984
1548339966.06115 -0.647206 -1.32028 1.53754 0.184158 0.0496812 0.0588964 -0.979872
1548339966.09442 -0.649827 -1.32041 1.53878 0.190056 0.0466678 0.0618936 -0.978708
1548339966.12784 -0.652256 -1.32082 1.54017 0.192391 0.045395 0.0666822 -0.977997
1548339966.16130 -0.654607 -1.32088 1.54167 0.193161 0.0460024 0.0714863 -0.977478
1548339966.19476 -0.657208 -1.32172 1.54331 0.191867 0.0474286 0.0743123 -0.977453
1548339966.22775 -0.659201 -1.32203 1.54477 0.193336 0.0470724 0.0782338 -0.976875
1548339966.26116 -0.660854 -1.32267 1.54615 0.194211 0.0466135 0.0821735 -0.9764
1548339966.29454 -0.662425 -1.3232 1.54751 0.194435 0.0460347 0.0856948 -0.97608
1548339966.32799 -0.663516 -1.32392 1.54898 0.193324 0.0466257 0.0883899 -0.976032
1548339966.36121 -0.664427 -1.32447 1.55001 0.195371 0.04506 0.0919554 -0.975369
1548339966.39434 -0.665539 -1.32536 1.55136 0.192335 0.0456991 0.0943593 -0.975713
1548339966.42776 -0.666361 -1.32622 1.55263 0.194768 0.0427147 0.0984812 -0.974958
1548339966.46075 -0.66688 -1.32732 1.5539 0.196772 0.0393329 0.101376 -0.974401
1548339966.49453 -0.667956 -1.32835 1.55558 0.195635 0.0394108 0.105038 -0.974239
1548339966.52762 -0.669154 -1.32886 1.55712 0.197076 0.038231 0.108084 -0.973662
1548339966.56127 -0.670311 -1.32966 1.55889 0.198733 0.0375718 0.110904 -0.973033
1548339966.59417 -0.671552 -1.33001 1.56051 0.201057 0.0369677 0.113117 -0.972324
1548339966.62776 -0.672814 -1.33037 1.56217 0.200593 0.0377309 0.118894 -0.971701
1548339966.66143 -0.67449 -1.33059 1.56437 0.205187 0.0351796 0.121805 -0.970476
1548339966.69456 -0.676047 -1.33059 1.56604 0.205348 0.0363382 0.125534 -0.969924
1548339966.72789 -0.677411 -1.33104 1.56806 0.210292 0.0340711 0.124244 -0.969113
1548339966.76132 -0.679045 -1.33101 1.56949 0.206884 0.0367959 0.134521 -0.968375
1548339966.79455 -0.680877 -1.33155 1.57133 0.210173 0.0341929 0.139754 -0.96702
1548339966.82799 -0.682387 -1.33238 1.57272 0.210556 0.0317311 0.144866 -0.966268
1548339966.86127 -0.684545 -1.3333 1.57409 0.209899 0.0309045 0.15073 -0.96554
1548339966.89466 -0.687117 -1.33392 1.57535 0.209845 0.0310708 0.153884 -0.965049
1548339966.92807 -0.689625 -1.33442 1.57658 0.209457 0.0307985 0.161106 -0.963963
1548339966.96095 -0.69229 -1.33447 1.57768 0.210196 0.0304561 0.166117 -0.962962
1548339966.99475 -0.695143 -1.33426 1.57869 0.210501 0.0307492 0.170719 -0.96208
1548339967.02778 -0.697758 -1.33391 1.57945 0.211278 0.0308929 0.174977 -0.96114
1548339967.06111 -0.700506 -1.33331 1.58006 0.212914 0.0299536 0.179618 -0.959952
1548339967.09439 -0.70372 -1.33284 1.58077 0.208028 0.0325475 0.182154 -0.960461
1548339967.12784 -0.706369 -1.33226 1.58109 0.206514 0.0333689 0.18703 -0.959822
1548339967.16098 -0.70914 -1.3322 1.58154 0.20952 0.0297998 0.189437 -0.958815
1548339967.19440 -0.711757 -1.33156 1.58163 0.210226 0.0285459 0.195037 -0.957575
1548339967.22778 -0.714454 -1.33126 1.58181 0.208303 0.0291023 0.196768 -0.957625
1548339967.26107 -0.71672 -1.33087 1.5815 0.205227 0.0300276 0.199933 -0.957605
1548339967.29431 -0.71828 -1.3298 1.58063 0.211368 0.0269658 0.203944 -0.955512
1548339967.32766 -0.720269 -1.33005 1.5802 0.205045 0.0276534 0.204581 -0.956733
1548339967.36107 -0.722329 -1.3298 1.57952 0.203671 0.0250855 0.206951 -0.956588
1548339967.39457 -0.723837 -1.32927 1.57851 0.204147 0.0245449 0.207915 -0.956291
1548339967.42803 -0.725619 -1.32857 1.57736 0.203102 0.0235673 0.208284 -0.956458
1548339967.46117 -0.726516 -1.32695 1.57566 0.205786 0.0239559 0.211674 -0.955129
1548339967.49453 -0.728356 -1.32689 1.57467 0.201899 0.0230248 0.210919 -0.956149
1548339967.52797 -0.729243 -1.32614 1.57326 0.199916 0.0239598 0.210769 -0.956575
1548339967.56123 -0.730289 -1.3252 1.57204 0.199483 0.0225885 0.210664 -0.956722
1548339967.59454 -0.730805 -1.32399 1.57078 0.19742 0.0233646 0.211354 -0.956979
1548339967.62801 -0.731143 -1.3231 1.56939 0.198801 0.0217646 0.209486 -0.957142
1548339967.66133 -0.731697 -1.32215 1.56796 0.198391 0.0221712 0.209251 -0.957269
1548339967.69468 -0.732196 -1.32143 1.56664 0.197918 0.0230019 0.209027 -0.957396
1548339967.72790 -0.732075 -1.32001 1.56505 0.201267 0.0230736 0.210878 -0.956289
1548339967.76124 -0.732317 -1.3196 1.56385 0.202233 0.0219749 0.209943 -0.956317
1548339967.79477 -0.732878 -1.32 1.56312 0.195533 0.0237693 0.206476 -0.95842
1548339967.82773 -0.732696 -1.31962 1.56189 0.195997 0.0232668 0.205657 -0.958514
1548339967.86110 -0.732312 -1.31939 1.56046 0.195835 0.022846 0.204554 -0.958793
1548339967.89439 -0.732162 -1.3192 1.55862 0.195382 0.0206985 0.206966 -0.958417
1548339967.92791 -0.731419 -1.31866 1.55695 0.196179 0.0222121 0.203456 -0.958971
1548339967.96096 -0.731613 -1.3183 1.55512 0.195323 0.0219405 0.203887 -0.959061
1548339967.99449 -0.732148 -1.31817 1.55331 0.193492 0.0240206 0.202907 -0.95959
1548339968.02791 -0.732685 -1.3183 1.5512 0.191623 0.0250852 0.203612 -0.959788
1548339968.06098 -0.73345 -1.31883 1.54914 0.190181 0.0246288 0.203003 -0.960216
1548339968.09452 -0.733809 -1.31902 1.54701 0.188751 0.0263488 0.199178 -0.961253
1548339968.12780 -0.733469 -1.31837 1.54456 0.191694 0.0268046 0.201191 -0.960238
1548339968.16105 -0.733789 -1.31952 1.54309 0.185349 0.0277879 0.196343 -0.962457
1548339968.19448 -0.733069 -1.3198 1.54118 0.184277 0.0289603 0.191263 -0.96365
1548339968.22764 -0.732063 -1.32016 1.53937 0.18178 0.0305625 0.185773 -0.965148
1548339968.26121 -0.730845 -1.3203 1.53759 0.180624 0.0312034 0.182221 -0.966021
1548339968.29451 -0.728742 -1.31981 1.53584 0.183042 0.0328893 0.175051 -0.966835
1548339968.32778 -0.726735 -1.31913 1.53464 0.180979 0.0369075 0.166097 -0.968657
1548339968.36127 -0.724146 -1.31747 1.53312 0.180912 0.0391173 0.158119 -0.969917
1548339968.39466 -0.721528 -1.31706 1.53214 0.180388 0.0430069 0.146696 -0.971643
1548339968.42803 -0.717798 -1.31578 1.53087 0.184202 0.0430281 0.136241 -0.972449
1548339968.46102 -0.714136 -1.31495 1.52974 0.181642 0.0465963 0.128965 -0.973757
1548339968.49433 -0.710333 -1.31423 1.52852 0.184685 0.0439038 0.11791 -0.974711
1548339968.52795 -0.706468 -1.31455 1.52784 0.183083 0.0455453 0.110025 -0.975859
1548339968.56122 -0.703057 -1.31467 1.52712 0.181791 0.0458247 0.104584 -0.976685
1548339968.59465 -0.699537 -1.31508 1.52669 0.178861 0.0472004 0.0994461 -0.977697
1548339968.62780 -0.696264 -1.31521 1.52627 0.180381 0.0470928 0.0935567 -0.978004
1548339968.66119 -0.693129 -1.31567 1.52642 0.17895 0.0491128 0.0860266 -0.978859
1548339968.69446 -0.690597 -1.31561 1.5266 0.179264 0.0498998 0.0803806 -0.979241
1548339968.72772 -0.688062 -1.31548 1.52718 0.179315 0.0512327 0.0756247 -0.979542
1548339968.76117 -0.685705 -1.31492 1.52831 0.181335 0.052675 0.0682462 -0.979635
1548339968.79428 -0.683341 -1.31393 1.52958 0.181835 0.0541999 0.0659625 -0.979616
1548339968.82786 -0.680862 -1.3136 1.53085 0.180693 0.0563467 0.0604657 -0.980061
1548339968.86074 -0.677894 -1.31245 1.53204 0.185226 0.0562459 0.0556818 -0.979504
1548339968.89444 -0.675317 -1.3117 1.5336 0.185166 0.0564433 0.0507105 -0.979774
1548339968.92773 -0.672676 -1.31129 1.53533 0.183404 0.0582441 0.0487778 -0.980098
1548339968.96079 -0.670842 -1.31061 1.53696 0.183886 0.0596358 0.0412485 -0.980269
1548339968.99455 -0.668474 -1.30978 1.53824 0.185518 0.059642 0.0383967 -0.980077
1548339969.02765 -0.666342 -1.30854 1.53917 0.186788 0.0610455 0.0342671 -0.979903
1548339969.06138 -0.664375 -1.30783 1.54025 0.187098 0.0628757 0.0290794 -0.979896
1548339969.09455 -0.66231 -1.30702 1.54132 0.192454 0.0615252 0.0223178 -0.979121
1548339969.12801 -0.660591 -1.30636 1.54283 0.187265 0.0634917 0.0188032 -0.980075
1548339969.16122 -0.658794 -1.3056 1.54399 0.187797 0.0656605 0.0111554 -0.979947
1548339969.19459 -0.656722 -1.30463 1.54467 0.192326 0.0674834 -0.000379892 -0.979008
1548339969.22803 -0.654596 -1.30433 1.54559 0.190662 0.0676667 -0.00323228 -0.979316
1548339969.26117 -0.652758 -1.30375 1.54656 0.18839 0.0687689 -0.010691 -0.979625
1548339969.29433 -0.65082 -1.30272 1.5474 0.190524 0.070247 -0.019266 -0.978976
1548339969.32763 -0.648718 -1.30216 1.54884 0.189997 0.0704788 -0.0238142 -0.978962
1548339969.36122 -0.646539 -1.30155 1.5503 0.1917 0.0698258 -0.0274247 -0.978582
1548339969.39466 -0.644962 -1.30123 1.55244 0.190795 0.0715983 -0.0365987 -0.978331
1548339969.42777 -0.643528 -1.30137 1.5552 0.18665 0.0707995 -0.0384981 -0.979116
1548339969.46094 -0.641749 -1.30087 1.55782 0.189867 0.0711753 -0.0414678 -0.978348
1548339969.49429 -0.640569 -1.30019 1.56051 0.187581 0.0723972 -0.0513903 -0.978229
1548339969.52772 -0.639359 -1.29912 1.56302 0.192156 0.0741231 -0.0529256 -0.977129
1548339969.56116 -0.638353 -1.29812 1.56573 0.193146 0.0741664 -0.0531452 -0.976918
1548339969.59437 -0.637831 -1.29712 1.56882 0.194431 0.0758574 -0.0569179 -0.976321
1548339969.62787 -0.637367 -1.29625 1.57187 0.196751 0.0766018 -0.057233 -0.97578
1548339969.66101 -0.636878 -1.29541 1.57451 0.200376 0.0765198 -0.0563849 -0.975097
1548339969.69443 -0.63696 -1.29492 1.57734 0.200566 0.0780995 -0.0593849 -0.974755
1548339969.72782 -0.637346 -1.29408 1.57986 0.204886 0.0800082 -0.0606218 -0.973625
1548339969.76110 -0.637175 -1.29454 1.5825 0.202791 0.080179 -0.0599842 -0.974089
1548339969.79450 -0.637287 -1.295 1.5849 0.201906 0.0811882 -0.0595915 -0.974213
1548339969.82764 -0.637761 -1.29554 1.58736 0.200713 0.0821857 -0.0621035 -0.974219
1548339969.86116 -0.637598 -1.2956 1.58912 0.203812 0.0821688 -0.058203 -0.973818
1548339969.89451 -0.637496 -1.29599 1.59083 0.203337 0.0809461 -0.0564462 -0.974123
1548339969.92790 -0.637703 -1.29627 1.59253 0.202019 0.0794911 -0.0585186 -0.974395
1548339969.96095 -0.637511 -1.29595 1.59373 0.202839 0.0791784 -0.0572836 -0.974323
1548339969.99468 -0.637335 -1.29589 1.59479 0.202854 0.0775238 -0.0550019 -0.974585
1548339970.02794 -0.637487 -1.29573 1.59561 0.203481 0.0755686 -0.0547526 -0.974621
1548339970.06137 -0.638538 -1.29516 1.59598 0.202614 0.0736521 -0.0550871 -0.97493
1548339970.09461 -0.639783 -1.29391 1.59552 0.204686 0.0721661 -0.0515582 -0.974801
1548339970.12806 -0.640564 -1.29326 1.59442 0.20169 0.0710255 -0.0517242 -0.975501
1548339970.16136 -0.641175 -1.29251 1.59236 0.198465 0.0686997 -0.0525817 -0.976282
1548339970.19472 -0.641349 -1.29194 1.59008 0.198399 0.0653735 -0.0481125 -0.976754
1548339970.22785 -0.642236 -1.29197 1.58811 0.195193 0.0630375 -0.0433705 -0.977776
1548339970.26094 -0.64472 -1.29077 1.58631 0.194197 0.0633415 -0.0429172 -0.977974
1548339970.29440 -0.647422 -1.2903 1.58515 0.191234 0.0642342 -0.040158 -0.978617
1548339970.32780 -0.649943 -1.28912 1.5837 0.191853 0.0633549 -0.0346844 -0.978762
1548339970.36116 -0.652797 -1.2875 1.58229 0.191202 0.0621041 -0.0299453 -0.979126
1548339970.39445 -0.656349 -1.28538 1.58126 0.188259 0.0654685 -0.027048 -0.979562
1548339970.42782 -0.659504 -1.28234 1.57914 0.193611 0.0662344 -0.0240533 -0.978544
1548339970.46102 -0.662413 -1.28091 1.57747 0.191134 0.0680444 -0.023707 -0.978916
1548339970.49434 -0.664606 -1.27937 1.57529 0.190953 0.0700419 -0.0242392 -0.978797
1548339970.52783 -0.666166 -1.27813 1.57234 0.191652 0.0696822 -0.023458 -0.978705
1548339970.56111 -0.666885 -1.27808 1.5691 0.190481 0.0689484 -0.0201355 -0.97906
1548339970.59410 -0.66752 -1.27813 1.56569 0.190331 0.0682798 -0.0205487 -0.979127
1548339970.62769 -0.668443 -1.2789 1.56247 0.188023 0.0689614 -0.0199795 -0.979537
1548339970.66119 -0.668742 -1.28018 1.55827 0.186741 0.0681997 -0.0180464 -0.979873
1548339970.69432 -0.668521 -1.2818 1.55339 0.182709 0.0672276 -0.0188203 -0.980685
1548339970.72800 -0.668003 -1.2834 1.54853 0.177746 0.0672849 -0.0235806 -0.98149
1548339970.76104 -0.6668 -1.28518 1.54347 0.174542 0.0639405 -0.0208941 -0.982349
1548339970.79440 -0.665222 -1.28719 1.53842 0.172143 0.0606752 -0.0172702 -0.98305
1548339970.82793 -0.664168 -1.28892 1.53386 0.169753 0.0574936 -0.014805 -0.983697
1548339970.86126 -0.664479 -1.2909 1.52976 0.167718 0.0574815 -0.0115725 -0.98409
1548339970.89475 -0.664496 -1.2927 1.5258 0.166542 0.0566704 -0.00833393 -0.984369
1548339970.92801 -0.664582 -1.29489 1.523 0.166821 0.056381 -0.00632602 -0.984354
1548339970.96113 -0.66497 -1.29706 1.52073 0.166194 0.0553104 0.000140615 -0.984541
1548339970.99457 -0.665953 -1.29934 1.51952 0.164817 0.0560402 0.00473502 -0.98472
1548339971.02765 -0.666719 -1.30122 1.51847 0.170963 0.054123 0.00712494 -0.983764
1548339971.06118 -0.667739 -1.30325 1.51778 0.171146 0.05479 0.0104357 -0.983666
1548339971.09432 -0.668517 -1.30517 1.51734 0.171251 0.053796 0.0147953 -0.983646
1548339971.12782 -0.669321 -1.30642 1.517 0.175163 0.0529463 0.0193402 -0.982925
1548339971.16117 -0.670567 -1.30768 1.51717 0.177001 0.0530334 0.0219406 -0.982536
1548339971.19454 -0.672127 -1.30948 1.51791 0.179576 0.0523341 0.0246574 -0.982042
1548339971.22790 -0.673636 -1.31119 1.51877 0.182847 0.0526857 0.0298747 -0.981274
1548339971.26115 -0.674869 -1.31348 1.51971 0.1836 0.051319 0.0321329 -0.981134
1548339971.29448 -0.675888 -1.31562 1.52044 0.187876 0.049349 0.0383133 -0.980204
1548339971.32762 -0.677486 -1.31821 1.52175 0.187127 0.0497884 0.0429538 -0.980133
1548339971.36096 -0.679046 -1.3199 1.52324 0.188246 0.0503193 0.0508608 -0.979512
1548339971.39453 -0.68036 -1.32151 1.5249 0.190664 0.0498714 0.0554894 -0.978816
1548339971.42782 -0.682275 -1.32303 1.52747 0.189822 0.0509568 0.058143 -0.97877
1548339971.46089 -0.683268 -1.32393 1.52932 0.198616 0.0477459 0.061813 -0.97696
1548339971.49437 -0.684747 -1.32503 1.53162 0.196024 0.0503868 0.0667367 -0.977027
1548339971.52805 -0.686074 -1.32586 1.53356 0.201335 0.0488516 0.071274 -0.975704
1548339971.56126 -0.687894 -1.32632 1.53597 0.204165 0.0489199 0.0739092 -0.974916
1548339971.59469 -0.689269 -1.32699 1.53838 0.206338 0.0500631 0.0787098 -0.974024
1548339971.62798 -0.691143 -1.32708 1.54089 0.207481 0.0509226 0.0840196 -0.973293
1548339971.66120 -0.69311 -1.32732 1.5438 0.210593 0.0507562 0.088338 -0.97225
1548339971.69452 -0.694786 -1.32769 1.54661 0.212325 0.0515352 0.0924988 -0.971446
1548339971.72778 -0.69629 -1.3279 1.54922 0.216365 0.0503257 0.09691 -0.970187
1548339971.76139 -0.697626 -1.32825 1.55207 0.215914 0.0520047 0.100358 -0.969848
1548339971.79447 -0.699125 -1.3286 1.55511 0.220596 0.0498425 0.10227 -0.968708
1548339971.82768 -0.700671 -1.32815 1.55768 0.220099 0.0516814 0.109149 -0.967973
1548339971.86096 -0.702859 -1.32775 1.5609 0.219864 0.0515935 0.111383 -0.967777
1548339971.89432 -0.704978 -1.32709 1.56403 0.222209 0.0529685 0.114432 -0.966811
1548339971.92789 -0.706948 -1.32622 1.56701 0.229177 0.0519299 0.12046 -0.964505
1548339971.96083 -0.708964 -1.32566 1.57021 0.231491 0.0522325 0.123726 -0.963522
1548339971.99448 -0.710853 -1.3248 1.57345 0.232403 0.0547996 0.127995 -0.962602
1548339972.02789 -0.712877 -1.32396 1.57696 0.237688 0.053894 0.131916 -0.960832
1548339972.06110 -0.71443 -1.32304 1.58001 0.237041 0.0549336 0.135558 -0.960426
1548339972.09439 -0.716372 -1.32209 1.5833 0.23643 0.0574142 0.137439 -0.960164
1548339972.12757 -0.718285 -1.32091 1.58616 0.237715 0.0583967 0.139383 -0.959507
1548339972.16105 -0.720159 -1.31988 1.58859 0.237297 0.0591758 0.142309 -0.959133
1548339972.19443 -0.721829 -1.31912 1.59045 0.237597 0.0594161 0.146799 -0.958367
1548339972.22772 -0.723942 -1.31855 1.59223 0.235046 0.0611345 0.150434 -0.958324
1548339972.26146 -0.726165 -1.31808 1.59354 0.232192 0.0613509 0.1537 -0.958488
1548339972.29442 -0.727948 -1.31775 1.59431 0.23211 0.0607965 0.160732 -0.957389
1548339972.32761 -0.729628 -1.3176 1.59471 0.231989 0.0594216 0.16599 -0.956607
1548339972.36102 -0.731616 -1.31763 1.59518 0.231025 0.0592749 0.166754 -0.956717
1548339972.39461 -0.73398 -1.31765 1.59514 0.231709 0.0554288 0.175133 -0.955284
1548339972.42790 -0.735538 -1.31697 1.5955 0.227602 0.0589919 0.177511 -0.955619
1548339972.46088 -0.736666 -1.31594 1.5954 0.229003 0.0574872 0.180108 -0.95489
1548339972.49425 -0.737657 -1.31455 1.59526 0.228476 0.0581846 0.181701 -0.954672
1548339972.52789 -0.739055 -1.31314 1.59559 0.227938 0.0574407 0.184518 -0.954305
1548339972.56120 -0.739648 -1.31166 1.59613 0.228563 0.0558278 0.187182 -0.953732
1548339972.59441 -0.740523 -1.31053 1.59702 0.232267 0.0504782 0.189834 -0.952611
1548339972.62786 -0.741957 -1.30962 1.59798 0.234089 0.0461666 0.194056 -0.951532
1548339972.66108 -0.742188 -1.30848 1.59961 0.233766 0.0466174 0.194933 -0.95141
1548339972.69425 -0.743219 -1.30841 1.60131 0.235337 0.0416451 0.203123 -0.949539
1548339972.72778 -0.74429 -1.3076 1.60391 0.236847 0.0401446 0.207377 -0.948307
1548339972.76095 -0.745801 -1.30647 1.60718 0.234547 0.0450566 0.206821 -0.94878
1548339972.79434 -0.747217 -1.30486 1.61001 0.23331 0.0453414 0.214716 -0.947316
1548339972.82781 -0.74864 -1.3028 1.61258 0.238778 0.04366 0.218897 -0.945073
1548339972.86076 -0.749946 -1.29997 1.61461 0.243163 0.0436555 0.221585 -0.943327
1548339972.89436 -0.751649 -1.29667 1.6165 0.254545 0.0355978 0.237184 -0.936848
1548339972.92780 -0.752077 -1.29482 1.61839 0.255212 0.0343541 0.242488 -0.935354
1548339972.96064 -0.751575 -1.29423 1.6207 0.246349 0.0399857 0.234926 -0.939427
1548339972.99420 -0.751789 -1.29151 1.6214 0.252566 0.0323013 0.248589 -0.934543
1548339973.02752 -0.750328 -1.28987 1.62267 0.259442 0.0260861 0.248644 -0.932837
1548339973.06112 -0.749323 -1.28891 1.6246 0.250958 0.0302102 0.244847 -0.936033
1548339973.09455 -0.749208 -1.28729 1.6259 0.253931 0.0262528 0.248903 -0.934279
1548339973.12806 -0.750061 -1.28492 1.62693 0.254971 0.0241313 0.264544 -0.929744
1548339973.16118 -0.748902 -1.28403 1.62812 0.256178 0.0267477 0.26288 -0.929813
1548339973.19470 -0.749188 -1.28289 1.62938 0.256007 0.0245006 0.263938 -0.929622
1548339973.22805 -0.748933 -1.28096 1.62979 0.257486 0.0230443 0.266097 -0.928635
1548339973.26105 -0.748749 -1.27935 1.62965 0.258065 0.0230639 0.267783 -0.927988
1548339973.29472 -0.748351 -1.278 1.62907 0.255894 0.0218389 0.268271 -0.928478
1548339973.32761 -0.7474 -1.27706 1.62789 0.25701 0.0191909 0.273017 -0.926844
1548339973.36120 -0.746883 -1.27646 1.62692 0.253334 0.0176965 0.277464 -0.926565
1548339973.39474 -0.747245 -1.27569 1.6263 0.250403 0.0189564 0.27864 -0.926984
1548339973.42757 -0.746149 -1.27442 1.62432 0.251047 0.0154636 0.278716 -0.926852
1548339973.46092 -0.744327 -1.27341 1.62231 0.254953 0.00889345 0.28532 -0.923857
1548339973.49427 -0.742693 -1.27175 1.6218 0.243932 0.0134888 0.277744 -0.929071
1548339973.52776 -0.739183 -1.27008 1.61888 0.252882 0.00978684 0.272881 -0.928165
1548339973.56102 -0.736702 -1.26903 1.61653 0.251955 0.00783609 0.266484 -0.930292
1548339973.59434 -0.73262 -1.26777 1.61281 0.253003 0.0079615 0.258193 -0.932342
1548339973.62773 -0.729716 -1.26792 1.60872 0.262009 -0.00368775 0.258799 -0.92971
1548339973.66111 -0.726261 -1.26906 1.60391 0.259329 -0.00342766 0.254203 -0.931728
1548339973.69456 -0.724098 -1.27078 1.59968 0.258595 -0.00646344 0.250645 -0.932879
1548339973.72781 -0.722404 -1.27288 1.59516 0.252183 -0.00253973 0.249784 -0.934882
1548339973.76093 -0.721734 -1.27498 1.59089 0.249127 -0.00223851 0.246689 -0.936523
1548339973.79436 -0.722022 -1.27696 1.5874 0.244818 -0.000832826 0.242883 -0.938654
1548339973.82757 -0.721665 -1.27875 1.58401 0.239638 0.00694677 0.235427 -0.94186
1548339973.86112 -0.721739 -1.27908 1.58166 0.240901 0.00813507 0.236167 -0.941342
1548339973.89463 -0.721657 -1.27879 1.58025 0.239237 0.013872 0.23402 -0.942235
1548339973.92802 -0.721536 -1.2794 1.57935 0.238192 0.0150431 0.232201 -0.942932
1548339973.96093 -0.721604 -1.27965 1.57832 0.243478 0.00780188 0.242194 -0.939148
1548339973.99445 -0.720067 -1.28173 1.57785 0.235378 0.014509 0.228042 -0.944661
1548339974.02760 -0.719672 -1.28275 1.57621 0.23414 0.0162787 0.225977 -0.945435
1548339974.06107 -0.719402 -1.28346 1.57365 0.244495 0.00783169 0.236267 -0.940393
1548339974.09473 -0.717524 -1.28586 1.57122 0.233984 0.0198754 0.21835 -0.947196
1548339974.12799 -0.716574 -1.28702 1.56885 0.232036 0.0212685 0.217152 -0.94792
1548339974.16114 -0.715006 -1.28821 1.56633 0.229999 0.0226584 0.218506 -0.948073
1548339974.19461 -0.712836 -1.28952 1.56322 0.231883 0.0194226 0.214284 -0.948649
1548339974.22771 -0.710409 -1.29119 1.56021 0.23044 0.0208676 0.21349 -0.949149
1548339974.26101 -0.708398 -1.29237 1.55694 0.229288 0.0209 0.210995 -0.949985
1548339974.29447 -0.7066 -1.29388 1.55344 0.227188 0.0214425 0.207368 -0.951275
1548339974.32774 -0.704259 -1.29551 1.55019 0.224619 0.0217109 0.203322 -0.952751
1548339974.36105 -0.701862 -1.29657 1.54757 0.225259 0.0205767 0.200014 -0.953325
1548339974.39467 -0.700393 -1.29786 1.54551 0.222966 0.0215492 0.193606 -0.955164
1548339974.42776 -0.698507 -1.2992 1.54357 0.221207 0.0225195 0.193131 -0.955647
1548339974.46050 -0.696871 -1.30072 1.5423 0.219639 0.0201659 0.191271 -0.956435
1548339974.49454 -0.694861 -1.30149 1.54065 0.223639 0.0192667 0.187259 -0.95632
1548339974.52773 -0.693607 -1.30316 1.53936 0.221009 0.0190962 0.186058 -0.957169
1548339974.56109 -0.692506 -1.30363 1.5383 0.220232 0.020434 0.181447 -0.958205
1548339974.59430 -0.691581 -1.30363 1.53755 0.220163 0.0217614 0.17594 -0.959218
1548339974.62783 -0.690264 -1.30392 1.53682 0.21986 0.0233233 0.173143 -0.95976
1548339974.66141 -0.688847 -1.30376 1.5362 0.220331 0.0245156 0.168966 -0.960366
1548339974.69476 -0.687355 -1.30465 1.53618 0.218703 0.0265174 0.160783 -0.962089
1548339974.72810 -0.685498 -1.30541 1.53676 0.218595 0.0259212 0.15933 -0.962371
1548339974.76112 -0.683546 -1.30602 1.53805 0.218342 0.0264776 0.153316 -0.96339
1548339974.79446 -0.681676 -1.30654 1.54 0.215976 0.0289369 0.146842 -0.96486
1548339974.82797 -0.680428 -1.3069 1.54241 0.21962 0.0250611 0.145258 -0.964385
1548339974.86098 -0.678824 -1.30599 1.54538 0.220127 0.0286378 0.137161 -0.965355
1548339974.89461 -0.677815 -1.30516 1.54814 0.221083 0.0308547 0.130085 -0.966048
1548339974.92775 -0.677134 -1.30439 1.55055 0.221258 0.0335962 0.128517 -0.966126
1548339974.96109 -0.676823 -1.30343 1.55282 0.225277 0.0365845 0.121642 -0.965979
1548339974.99455 -0.676932 -1.3027 1.55486 0.224696 0.0421163 0.113449 -0.966885
1548339975.02777 -0.676991 -1.30215 1.55665 0.225526 0.0451183 0.10968 -0.966991
1548339975.06076 -0.676698 -1.30149 1.55845 0.227846 0.0481958 0.0992605 -0.967425
1548339975.09433 -0.675763 -1.30068 1.55993 0.224737 0.0532455 0.0926111 -0.968546
1548339975.12785 -0.674235 -1.30039 1.5613 0.222537 0.0549235 0.0899946 -0.969207
1548339975.16107 -0.672397 -1.30016 1.56231 0.223625 0.0560558 0.0818914 -0.96961
1548339975.19465 -0.670466 -1.30019 1.56333 0.224592 0.0555762 0.0751134 -0.969963
1548339975.22767 -0.668171 -1.30003 1.56402 0.223319 0.0554084 0.073091 -0.970421
1548339975.26111 -0.666313 -1.30009 1.56495 0.225919 0.0547957 0.0653088 -0.970408
1548339975.29457 -0.664571 -1.29995 1.56577 0.223788 0.0570746 0.0602552 -0.971098
1548339975.32762 -0.662746 -1.30005 1.5663 0.225485 0.0569727 0.0557418 -0.970981
1548339975.36083 -0.662041 -1.3 1.56648 0.233565 0.0528188 0.061116 -0.96898
1548339975.39447 -0.659811 -1.30015 1.56678 0.224102 0.0621802 0.0476553 -0.971412
1548339975.42774 -0.658271 -1.30049 1.56711 0.224597 0.0627047 0.0437459 -0.971448
1548339975.46093 -0.656892 -1.30093 1.56753 0.22465 0.0639642 0.0414919 -0.971452
1548339975.49469 -0.65551 -1.30143 1.56805 0.225167 0.0653448 0.0369334 -0.971425
1548339975.52794 -0.653619 -1.30187 1.56867 0.225672 0.0646061 0.0338877 -0.971468
1548339975.56135 -0.652802 -1.30176 1.56961 0.23374 0.0585358 0.0414197 -0.969651
1548339975.59453 -0.649959 -1.30119 1.57052 0.227966 0.0641435 0.0297299 -0.971099
1548339975.62799 -0.64768 -1.3015 1.57149 0.226906 0.0630614 0.0267337 -0.971505
1548339975.66124 -0.645391 -1.30207 1.57243 0.226453 0.0623449 0.0235536 -0.971739
1548339975.69464 -0.643216 -1.30219 1.57315 0.226132 0.0619911 0.0206972 -0.971902
1548339975.72799 -0.64115 -1.30213 1.57349 0.226579 0.0612216 0.018534 -0.97189
1548339975.76123 -0.63963 -1.30231 1.57355 0.225292 0.061477 0.0144402 -0.972242
1548339975.79454 -0.638253 -1.30285 1.57305 0.223842 0.0627438 0.0113336 -0.972538
1548339975.82782 -0.636668 -1.3035 1.57203 0.222139 0.0638128 0.00953552 -0.972878
1548339975.86091 -0.635086 -1.30454 1.57067 0.220217 0.0641236 0.00598731 -0.973323
1548339975.89448 -0.632975 -1.30544 1.5688 0.219092 0.0638991 0.00327497 -0.973604
1548339975.92780 -0.631171 -1.30607 1.56678 0.217415 0.0647048 -0.000957545 -0.973932
1548339975.96070 -0.629959 -1.30684 1.56486 0.213015 0.065998 -0.00493197 -0.974805
1548339975.99435 -0.627855 -1.30726 1.56216 0.214942 0.064169 -0.00854578 -0.974479
1548339976.02793 -0.625567 -1.30783 1.5596 0.213109 0.0638055 -0.0130928 -0.974855
1548339976.06111 -0.623181 -1.30861 1.55686 0.211609 0.0628533 -0.0159679 -0.975201
1548339976.09420 -0.620727 -1.30927 1.55394 0.209613 0.0601778 -0.019648 -0.975733
1548339976.12786 -0.618627 -1.31 1.55133 0.208009 0.0617549 -0.0241715 -0.975876
1548339976.19452 -0.614362 -1.31208 1.54534 0.207519 0.0597086 -0.0272953 -0.976026
1548339976.22776 -0.61269 -1.31437 1.54279 0.202043 0.0601924 -0.0316253 -0.977014
1548339976.26103 -0.610559 -1.31623 1.53974 0.200947 0.0585057 -0.0342933 -0.977252
1548339976.29456 -0.608238 -1.31844 1.53681 0.198384 0.0590266 -0.0341253 -0.97775
1548339976.32786 -0.605821 -1.32028 1.53377 0.19439 0.0590343 -0.0373147 -0.978435
1548339976.36134 -0.602862 -1.32157 1.53069 0.19465 0.0593888 -0.0403598 -0.978241
1548339976.42808 -0.595974 -1.32392 1.52555 0.192875 0.0581545 -0.0473143 -0.978355
1548339976.46110 -0.592606 -1.32532 1.52366 0.191756 0.0573036 -0.0496254 -0.978511
1548339976.49455 -0.589413 -1.32687 1.52215 0.190793 0.0580082 -0.0521372 -0.978527
1548339976.52795 -0.586792 -1.32829 1.52117 0.189183 0.0590678 -0.0559421 -0.978566
1548339976.56135 -0.584196 -1.32952 1.52051 0.191347 0.0608814 -0.0573295 -0.977954
1548339976.59443 -0.581368 -1.33213 1.52036 0.187546 0.063147 -0.0606421 -0.978346
1548339976.66100 -0.57598 -1.33549 1.52025 0.187708 0.0663817 -0.0647742 -0.977836
1548339976.69452 -0.573667 -1.33693 1.5207 0.186583 0.0674858 -0.0655903 -0.977922
1548339976.72788 -0.571113 -1.33799 1.5215 0.185723 0.0641768 -0.0690195 -0.978072
1548339976.76102 -0.569206 -1.33804 1.52179 0.18991 0.0674495 -0.0660863 -0.97725
1548339976.79395 -0.567132 -1.33837 1.52212 0.19043 0.0685764 -0.0695557 -0.976829
1548339976.82767 -0.565455 -1.33858 1.52224 0.192962 0.0700004 -0.074162 -0.975892
1548339976.86125 -0.56403 -1.33926 1.52281 0.194497 0.0713263 -0.0776221 -0.975222
1548339976.89441 -0.5628 -1.34024 1.52357 0.196096 0.0721697 -0.0808498 -0.974577
1548339976.92774 -0.561676 -1.34172 1.52491 0.195243 0.0730226 -0.0826478 -0.974534
1548339976.96069 -0.561295 -1.34337 1.52666 0.19505 0.0752288 -0.0877764 -0.973957
1548339976.99439 -0.561305 -1.34566 1.52883 0.193711 0.0767939 -0.0902068 -0.97388
1548339977.02757 -0.561697 -1.34761 1.53091 0.194133 0.0784909 -0.0921789 -0.973476
1548339977.06122 -0.562753 -1.3498 1.53328 0.194477 0.0828359 -0.0970863 -0.972569
1548339977.09469 -0.563358 -1.35192 1.53544 0.191029 0.0844068 -0.103598 -0.972446
1548339977.12792 -0.564481 -1.35357 1.53723 0.191547 0.0879145 -0.108674 -0.971479
1548339977.16143 -0.565388 -1.35508 1.53909 0.191302 0.0911592 -0.114318 -0.97058
1548339977.19447 -0.565759 -1.35659 1.54111 0.190256 0.0933746 -0.115707 -0.97041
1548339977.22804 -0.565844 -1.35814 1.54292 0.192111 0.0919878 -0.115203 -0.970237
1548339977.26138 -0.565746 -1.35979 1.54527 0.189931 0.0930633 -0.116966 -0.970353
1548339977.29459 -0.565626 -1.36108 1.54805 0.191366 0.0916863 -0.118099 -0.970065
1548339977.32792 -0.565025 -1.3622 1.55127 0.189385 0.0932979 -0.11944 -0.970136
1548339977.36134 -0.564424 -1.36269 1.55418 0.189692 0.0949704 -0.125339 -0.969169
1548339977.39456 -0.563213 -1.36263 1.55664 0.190523 0.0937437 -0.130548 -0.968437
1548339977.42784 -0.561059 -1.36252 1.55837 0.188554 0.09137 -0.136517 -0.968226
1548339977.46107 -0.558786 -1.3623 1.55917 0.188 0.0912464 -0.149706 -0.966394
1548339977.49436 -0.55596 -1.36144 1.55861 0.187374 0.0915484 -0.154169 -0.965786
1548339977.52782 -0.552763 -1.36066 1.55732 0.185229 0.0890929 -0.158741 -0.965688
1548339977.56108 -0.549971 -1.3595 1.5553 0.184499 0.0886259 -0.169648 -0.964015
1548339977.59424 -0.547341 -1.35842 1.55259 0.18362 0.0869576 -0.176179 -0.963163
1548339977.62781 -0.544842 -1.3577 1.54949 0.182405 0.0856309 -0.182204 -0.962392
1548339977.66114 -0.542927 -1.35695 1.54625 0.180004 0.0859764 -0.191887 -0.96093
1548339977.69439 -0.541124 -1.35619 1.54289 0.178411 0.0867488 -0.200439 -0.95941
1548339977.72747 -0.539102 -1.3556 1.53957 0.176054 0.0871097 -0.207037 -0.958412
1548339977.76112 -0.537598 -1.35481 1.5364 0.173604 0.0894265 -0.216496 -0.956553
1548339977.79431 -0.535885 -1.35373 1.53317 0.172054 0.090976 -0.225982 -0.954491
1548339977.82772 -0.53404 -1.35284 1.53002 0.171263 0.0903308 -0.229488 -0.953858
1548339977.86132 -0.532167 -1.35234 1.52701 0.169833 0.0906754 -0.232835 -0.953269
1548339977.89458 -0.530457 -1.35178 1.52357 0.168574 0.0899948 -0.239562 -0.95189
1548339977.92797 -0.528875 -1.35167 1.52034 0.167666 0.091794 -0.240572 -0.951623
1548339977.96109 -0.527346 -1.35166 1.51667 0.165731 0.0911717 -0.246133 -0.9506
1548339977.99439 -0.526027 -1.35237 1.51323 0.165439 0.0922222 -0.247353 -0.950232
1548339978.02783 -0.524495 -1.35352 1.50973 0.164823 0.0926769 -0.247272 -0.950316
1548339978.06137 -0.523055 -1.35516 1.50656 0.163087 0.0919792 -0.246159 -0.950972
1548339978.09457 -0.521469 -1.35704 1.50376 0.160789 0.0920631 -0.246218 -0.95134
1548339978.12782 -0.51935 -1.35945 1.50123 0.160132 0.091944 -0.243823 -0.952079
1548339978.16143 -0.517121 -1.36223 1.49928 0.158213 0.0896206 -0.24348 -0.952709
1548339978.19421 -0.514547 -1.36547 1.49778 0.157586 0.0860433 -0.242536 -0.953383
1548339978.22771 -0.512668 -1.36819 1.49685 0.157214 0.0863624 -0.236588 -0.954909
1548339978.26122 -0.511214 -1.37086 1.49664 0.156518 0.0851809 -0.232019 -0.95625
1548339978.29443 -0.51007 -1.37293 1.49642 0.158749 0.0837377 -0.227569 -0.957078
1548339978.32788 -0.5096 -1.3747 1.49649 0.160153 0.0813202 -0.223528 -0.958005
1548339978.36101 -0.509521 -1.3762 1.49676 0.162939 0.0801058 -0.217863 -0.958942
1548339978.39438 -0.51013 -1.37717 1.49751 0.165609 0.0796193 -0.215649 -0.959026
1548339978.42786 -0.511593 -1.37797 1.49911 0.169148 0.081746 -0.211777 -0.959092
1548339978.46080 -0.513262 -1.37859 1.50104 0.171249 0.0812622 -0.209333 -0.959297
1548339978.49425 -0.515144 -1.37936 1.50335 0.175711 0.0839118 -0.204667 -0.959268
1548339978.52787 -0.517129 -1.38035 1.50597 0.177413 0.0837341 -0.200138 -0.959926
1548339978.56090 -0.519159 -1.38145 1.50838 0.179423 0.0841353 -0.196075 -0.960356
1548339978.59455 -0.521267 -1.38306 1.51094 0.181383 0.0850507 -0.190829 -0.960964
1548339978.62776 -0.523326 -1.38443 1.51324 0.184034 0.0865729 -0.187982 -0.960885
1548339978.66122 -0.525255 -1.38594 1.51546 0.18389 0.0857042 -0.18183 -0.962173
1548339978.69438 -0.527028 -1.3872 1.51742 0.18541 0.0855226 -0.177581 -0.962691
1548339978.72800 -0.529007 -1.38823 1.51918 0.186435 0.084378 -0.173151 -0.963401
1548339978.76101 -0.530592 -1.38953 1.52093 0.186965 0.0840643 -0.166815 -0.964443
1548339978.79455 -0.53246 -1.39053 1.52227 0.188589 0.0833619 -0.163515 -0.964753
1548339978.82785 -0.5337 -1.39175 1.52345 0.188736 0.0814849 -0.159454 -0.965564
1548339978.86128 -0.535122 -1.39318 1.52466 0.189264 0.0807773 -0.15351 -0.966483
1548339978.89438 -0.536613 -1.39474 1.52605 0.188761 0.0805308 -0.149694 -0.9672
1548339978.92791 -0.538086 -1.39596 1.52719 0.188508 0.0782176 -0.14535 -0.968101
1548339978.96092 -0.539935 -1.39727 1.52836 0.19013 0.0762792 -0.140338 -0.968678
1548339978.99456 -0.541684 -1.399 1.53028 0.18717 0.072131 -0.137926 -0.969918
1548339979.02764 -0.544232 -1.39967 1.53151 0.190231 0.07555 -0.13084 -0.970044
1548339979.06123 -0.546296 -1.40069 1.5333 0.189945 0.0738039 -0.126053 -0.970868
1548339979.09435 -0.548635 -1.40168 1.53509 0.190133 0.0740139 -0.1212 -0.971433
1548339979.12765 -0.550613 -1.40269 1.53687 0.189067 0.0736811 -0.115939 -0.972308
1548339979.16108 -0.55244 -1.40376 1.5385 0.189367 0.072314 -0.10761 -0.973309
1548339979.19435 -0.554285 -1.40482 1.5401 0.188697 0.0705877 -0.101685 -0.974203
1548339979.22781 -0.556203 -1.40552 1.54145 0.188591 0.0698436 -0.0975987 -0.974695
1548339979.26107 -0.558521 -1.40624 1.54243 0.191323 0.0682178 -0.0922789 -0.974796
1548339979.29429 -0.560643 -1.40733 1.54333 0.190908 0.0679674 -0.0867968 -0.975398
1548339979.32780 -0.563077 -1.40779 1.54393 0.190886 0.068375 -0.0827222 -0.975728
1548339979.36117 -0.565308 -1.40887 1.54452 0.190654 0.0671932 -0.079123 -0.976154
1548339979.39441 -0.567739 -1.40954 1.54477 0.190529 0.0676157 -0.0736222 -0.976579
1548339979.42777 -0.569604 -1.4108 1.54509 0.187791 0.0676696 -0.0692926 -0.977422
1548339979.46083 -0.571501 -1.41144 1.54516 0.187015 0.0669358 -0.0664643 -0.977818
1548339979.49470 -0.573399 -1.41179 1.54486 0.188034 0.0663536 -0.0628211 -0.977903
1548339979.52773 -0.574881 -1.41217 1.54445 0.187235 0.0651841 -0.0597681 -0.978326
1548339979.56129 -0.576551 -1.4124 1.54371 0.187573 0.0664897 -0.0583343 -0.97826
1548339979.59462 -0.57834 -1.41274 1.54295 0.185096 0.0672537 -0.057126 -0.978751
1548339979.62797 -0.579373 -1.41302 1.54151 0.185844 0.0634463 -0.0525495 -0.97912
1548339979.66139 -0.580996 -1.41368 1.54038 0.184422 0.0639115 -0.0490539 -0.97954
1548339979.69467 -0.582462 -1.41389 1.53887 0.18407 0.0623468 -0.0477867 -0.979769
1548339979.72799 -0.584113 -1.41433 1.53741 0.182164 0.0615879 -0.044574 -0.980325
1548339979.76123 -0.585796 -1.41473 1.53598 0.181301 0.0618004 -0.0414451 -0.980609
1548339979.79461 -0.587034 -1.41505 1.53447 0.181213 0.0612653 -0.0390785 -0.980756
1548339979.82778 -0.5882 -1.41557 1.53311 0.180358 0.0606124 -0.0356201 -0.981085
1548339979.86108 -0.589369 -1.4164 1.53199 0.176741 0.0585754 -0.0335598 -0.981939
1548339979.89447 -0.59029 -1.41685 1.53075 0.176922 0.0564673 -0.0306878 -0.982124
1548339979.92761 -0.591616 -1.41715 1.52976 0.175979 0.055456 -0.0275225 -0.982445
1548339979.96089 -0.593099 -1.41752 1.52876 0.174812 0.053987 -0.0229921 -0.982852
1548339979.99436 -0.594775 -1.41791 1.52787 0.174221 0.0537548 -0.0201687 -0.983031
1548339980.02762 -0.596584 -1.41794 1.52697 0.173855 0.0543374 -0.0160704 -0.98314
1548339980.06114 -0.598115 -1.41803 1.52612 0.172648 0.0538043 -0.0103363 -0.983459
1548339980.09452 -0.599511 -1.41826 1.52535 0.171821 0.0516095 -0.00772305 -0.983745
1548339980.12786 -0.601016 -1.4187 1.5249 0.170588 0.0505349 -0.00594599 -0.984028
1548339980.16117 -0.602481 -1.41919 1.52454 0.172321 0.049454 -0.00173232 -0.983797
1548339980.19423 -0.60412 -1.41939 1.52429 0.170415 0.0501773 0.000897343 -0.984094
1548339980.22776 -0.605759 -1.41908 1.52408 0.168091 0.0504983 0.00411478 -0.984469
1548339980.26114 -0.607433 -1.41905 1.52425 0.17003 0.0496651 0.00537365 -0.984172
1548339980.29464 -0.609297 -1.41866 1.52468 0.172454 0.049242 0.0106232 -0.983729
1548339980.32798 -0.611611 -1.41832 1.52559 0.171894 0.0504987 0.0137613 -0.983724
1548339980.36135 -0.613367 -1.41772 1.5266 0.173188 0.051259 0.0164194 -0.983417
1548339980.39467 -0.614993 -1.41729 1.52786 0.173763 0.0525756 0.0218098 -0.983141
1548339980.42777 -0.616375 -1.41688 1.52948 0.174574 0.0522732 0.0249263 -0.98294
1548339980.46119 -0.617304 -1.41703 1.53149 0.177138 0.0507634 0.0275849 -0.982489
1548339980.49461 -0.618592 -1.41635 1.53364 0.180467 0.0511954 0.0275067 -0.981863
1548339980.52785 -0.619419 -1.41614 1.53582 0.182713 0.0508082 0.0286053 -0.981436
1548339980.56093 -0.620528 -1.41592 1.53838 0.18156 0.052667 0.0298201 -0.981516
1548339980.59450 -0.621143 -1.41544 1.54072 0.184461 0.0526572 0.0320739 -0.980904
1548339980.62783 -0.621898 -1.4149 1.54298 0.18311 0.0542006 0.0362809 -0.980926
1548339980.66114 -0.62261 -1.41488 1.54553 0.184843 0.0542479 0.0391706 -0.980488
1548339980.69440 -0.623619 -1.41453 1.54784 0.189231 0.052913 0.040436 -0.979672
1548339980.72774 -0.624958 -1.41442 1.55012 0.190348 0.0532765 0.0423512 -0.979355
1548339980.76096 -0.626317 -1.4143 1.55238 0.191007 0.0539365 0.0450826 -0.979068
1548339980.79453 -0.627467 -1.41395 1.55417 0.191653 0.054927 0.0478048 -0.978758
1548339980.82782 -0.628846 -1.41351 1.55587 0.195422 0.0539511 0.0484305 -0.978036
1548339980.86116 -0.629996 -1.41373 1.55746 0.192636 0.0555619 0.0532069 -0.97825
1548339980.89451 -0.630681 -1.41331 1.55847 0.19792 0.0529615 0.0538437 -0.977304
1548339980.92780 -0.631521 -1.413 1.55955 0.198843 0.0526108 0.0543939 -0.977105
1548339980.96096 -0.632313 -1.4133 1.56066 0.196863 0.0536261 0.0563928 -0.977338
1548339980.99438 -0.633114 -1.41343 1.56126 0.196402 0.0546758 0.05974 -0.977174
1548339981.02805 -0.634137 -1.41395 1.56192 0.199254 0.0520557 0.0606588 -0.976683
1548339981.06102 -0.635258 -1.41414 1.56213 0.201225 0.04998 0.0625522 -0.976267
1548339981.09445 -0.636894 -1.41483 1.56259 0.20156 0.0503074 0.065543 -0.975985
1548339981.12801 -0.638886 -1.41596 1.5632 0.19751 0.0504564 0.0690875 -0.976561
1548339981.16104 -0.640649 -1.41695 1.56348 0.197009 0.0495871 0.0733513 -0.976395
1548339981.19466 -0.642387 -1.4177 1.56377 0.197629 0.0487835 0.0770407 -0.976026
1548339981.22793 -0.644343 -1.41868 1.56421 0.197625 0.0472996 0.0807611 -0.9758
1548339981.26108 -0.646441 -1.41971 1.5649 0.195256 0.0477064 0.0861461 -0.975796
1548339981.29400 -0.648359 -1.42034 1.56524 0.195401 0.0477358 0.0890195 -0.975508
1548339981.32791 -0.650461 -1.42057 1.56548 0.197742 0.0470503 0.090678 -0.974916
1548339981.36112 -0.652448 -1.42069 1.56588 0.197968 0.0470328 0.0950634 -0.974453
1548339981.39474 -0.654165 -1.4211 1.56652 0.196125 0.0479337 0.0974827 -0.974543
1548339981.42769 -0.655414 -1.42137 1.56683 0.197582 0.0473826 0.0983031 -0.974193
1548339981.46067 -0.656633 -1.42163 1.56711 0.198251 0.0467184 0.101274 -0.973785
1548339981.49449 -0.657483 -1.42216 1.56712 0.198243 0.0454932 0.103874 -0.973571
1548339981.52785 -0.657988 -1.42277 1.5666 0.197783 0.0451242 0.104474 -0.973618
1548339981.56118 -0.658096 -1.42376 1.5659 0.199204 0.0435257 0.0999255 -0.973878
1548339981.59442 -0.658321 -1.42411 1.56434 0.192536 0.0440652 0.110679 -0.974032
1548339981.62778 -0.658562 -1.42553 1.5627 0.191209 0.04365 0.108389 -0.974569
1548339981.66110 -0.658074 -1.42652 1.56056 0.191473 0.0418847 0.108581 -0.974574
1548339981.69448 -0.658222 -1.42811 1.55856 0.188012 0.0410602 0.110412 -0.975077
1548339981.72789 -0.6584 -1.42916 1.55625 0.189258 0.0357 0.114987 -0.974518
1548339981.76121 -0.65757 -1.42967 1.55482 0.184056 0.0406483 0.109997 -0.975895
1548339981.79445 -0.657595 -1.43102 1.55298 0.185487 0.0344881 0.11658 -0.975097
1548339981.82788 -0.655535 -1.4311 1.5518 0.187236 0.0377796 0.10788 -0.975642
1548339981.86135 -0.654871 -1.43144 1.551 0.185578 0.0395428 0.107386 -0.975943
1548339981.89469 -0.654278 -1.43135 1.55058 0.18601 0.039484 0.106701 -0.975939
1548339981.92794 -0.653562 -1.43122 1.55089 0.186466 0.0401607 0.104441 -0.976069
1548339981.96090 -0.653 -1.43059 1.55162 0.186375 0.0415057 0.102906 -0.976193
1548339981.99421 -0.652146 -1.4298 1.55255 0.188399 0.0433389 0.0977971 -0.97625
1548339982.02769 -0.651278 -1.42892 1.55346 0.189804 0.0447089 0.0958106 -0.976113
1548339982.06127 -0.650328 -1.42785 1.55466 0.189332 0.0476116 0.0942476 -0.976219
1548339982.09461 -0.64905 -1.42666 1.5558 0.191997 0.0493666 0.0878751 -0.976206
1548339982.12800 -0.647705 -1.42522 1.5566 0.195244 0.0502403 0.083966 -0.975861
1548339982.16125 -0.646329 -1.42423 1.55752 0.195514 0.0515682 0.0829139 -0.975828
1548339982.19471 -0.644632 -1.42359 1.55832 0.197127 0.0527228 0.0775798 -0.97588
1548339982.22767 -0.643217 -1.423 1.55902 0.197868 0.0542327 0.0729341 -0.976006
1548339982.29413 -0.640183 -1.42225 1.56036 0.198166 0.0555588 0.0677427 -0.976245
1548339982.32766 -0.639135 -1.42198 1.56122 0.197074 0.0582208 0.0652001 -0.976484
1548339982.36119 -0.6377 -1.42139 1.56152 0.198318 0.0572487 0.0629466 -0.976437
1548339982.39454 -0.636163 -1.42103 1.56182 0.198788 0.0576891 0.0614598 -0.976411
1548339982.42772 -0.634833 -1.42069 1.56208 0.200093 0.0568823 0.0594449 -0.976316
1548339982.46096 -0.633489 -1.42053 1.56252 0.200775 0.0578408 0.0592623 -0.976131
1548339982.52787 -0.631223 -1.42056 1.5634 0.197168 0.0580787 0.0580278 -0.976926
1548339982.56110 -0.630858 -1.42077 1.56367 0.196871 0.0581704 0.0602264 -0.976847
1548339982.59442 -0.630534 -1.42126 1.56357 0.19844 0.0580264 0.0609351 -0.976495
1548339982.62769 -0.630597 -1.42183 1.56346 0.197257 0.059683 0.0573114 -0.976854
1548339982.69464 -0.630107 -1.42356 1.56279 0.194627 0.0610629 0.0536185 -0.977505
1548339982.72790 -0.629428 -1.42476 1.5629 0.192732 0.0603687 0.0528978 -0.977963
1548339982.76138 -0.628768 -1.42649 1.56352 0.189328 0.0621235 0.0523029 -0.97855
1548339982.79455 -0.628115 -1.42815 1.56393 0.185047 0.0614013 0.048655 -0.979602
1548339982.82794 -0.627567 -1.42999 1.56421 0.182354 0.0615377 0.0462479 -0.980215
1548339982.86101 -0.626713 -1.43153 1.56394 0.181748 0.0611417 0.0425327 -0.980521
1548339982.89459 -0.625494 -1.43277 1.56332 0.181127 0.0613435 0.0384804 -0.98079
1548339982.92792 -0.623873 -1.43387 1.5625 0.180978 0.0616165 0.0362259 -0.980886
1548339982.96120 -0.622301 -1.43472 1.5618 0.179883 0.0630508 0.0323105 -0.981133
1548339982.99441 -0.620346 -1.43442 1.56017 0.183264 0.0628047 0.0256612 -0.98072
1548339983.02782 -0.61828 -1.43424 1.55861 0.181983 0.0642251 0.0231944 -0.980928
1548339983.06102 -0.616191 -1.43369 1.55718 0.184022 0.0645026 0.0165683 -0.980663
1548339983.09415 -0.613887 -1.43335 1.55637 0.183851 0.0637014 0.010594 -0.980831
1548339983.16117 -0.608431 -1.43251 1.55544 0.187924 0.0616096 0.00708118 -0.980224
1548339983.19433 -0.606581 -1.43269 1.55602 0.1863 0.0624647 0.000596018 -0.980505
1548339983.22778 -0.605273 -1.43306 1.5563 0.187924 0.0630116 -0.000637571 -0.98016
1548339983.26113 -0.604697 -1.43373 1.55637 0.187392 0.0640828 -0.000272686 -0.980193
1548339983.29451 -0.604684 -1.43455 1.55623 0.188294 0.0660679 -0.00090668 -0.979888
1548339983.32785 -0.604819 -1.43545 1.55574 0.191805 0.0668534 -0.00153141 -0.979152
1548339983.36130 -0.605252 -1.43652 1.55534 0.191791 0.0683476 -0.0012269 -0.979052
1548339983.39436 -0.605454 -1.43741 1.55456 0.18946 0.07103 -0.00172763 -0.979314
1548339983.42762 -0.605243 -1.4389 1.55358 0.190427 0.0708325 -0.00246304 -0.97914
1548339983.46090 -0.604562 -1.44074 1.55276 0.187744 0.0691994 -0.0021648 -0.979775
1548339983.49446 -0.603835 -1.4422 1.5516 0.185119 0.068557 -0.00219884 -0.980319
1548339983.52803 -0.60271 -1.44324 1.5503 0.183245 0.0671609 -0.00552824 -0.980755
1548339983.56113 -0.601603 -1.44409 1.54872 0.184341 0.06514 -0.00781557 -0.98067
1548339983.59461 -0.600764 -1.44472 1.54719 0.182048 0.0644153 -0.00937879 -0.981133
1548339983.62797 -0.600189 -1.44475 1.54541 0.1813 0.0642198 -0.0112545 -0.981264
1548339983.66131 -0.599816 -1.44479 1.54399 0.180943 0.0644901 -0.012392 -0.981299
1548339983.69460 -0.599282 -1.44504 1.54245 0.181435 0.0638253 -0.0123619 -0.981252
1548339983.72797 -0.598956 -1.44504 1.54105 0.178915 0.0645797 -0.0128016 -0.981659
1548339983.76119 -0.598833 -1.44472 1.53995 0.178488 0.0644394 -0.0144381 -0.981724
1548339983.79454 -0.598693 -1.4442 1.53905 0.178346 0.0643343 -0.016631 -0.981721
1548339983.82770 -0.598135 -1.44356 1.53784 0.180961 0.0640436 -0.0173504 -0.98125
1548339983.86104 -0.597955 -1.44332 1.53706 0.176317 0.0644189 -0.0175385 -0.982067
1548339983.89453 -0.597638 -1.44262 1.53617 0.179058 0.0627882 -0.0188803 -0.981651
1548339983.92778 -0.597581 -1.44239 1.53547 0.177437 0.0615039 -0.0207089 -0.98199
1548339983.96079 -0.597664 -1.44253 1.53485 0.176802 0.0599388 -0.020288 -0.98221
1548339983.99410 -0.598069 -1.44253 1.5342 0.178045 0.0593015 -0.0200461 -0.982029
1548339984.02755 -0.598815 -1.44335 1.534 0.171186 0.0603521 -0.0188983 -0.983207
1548339984.06102 -0.599339 -1.4439 1.53368 0.173955 0.0582768 -0.0189775 -0.982844
1548339984.09434 -0.600292 -1.44431 1.53343 0.174404 0.0580753 -0.0168109 -0.982816
1548339984.12762 -0.601209 -1.44452 1.53329 0.174544 0.0586118 -0.015085 -0.982788
1548339984.16074 -0.602142 -1.44431 1.53319 0.173962 0.0585885 -0.0141753 -0.982906
1548339984.19434 -0.602917 -1.44434 1.53331 0.173294 0.0588633 -0.0120627 -0.983036
1548339984.22769 -0.603549 -1.44405 1.53358 0.175536 0.05839 -0.01216 -0.982665
1548339984.26132 -0.604415 -1.4438 1.53409 0.175984 0.0579136 -0.0126918 -0.982606
1548339984.29449 -0.604957 -1.44333 1.53444 0.177844 0.0581682 -0.0105536 -0.982281
1548339984.32757 -0.605505 -1.44283 1.53475 0.178576 0.0584219 -0.0094006 -0.982145
1548339984.36126 -0.606145 -1.4427 1.53537 0.178914 0.0583443 -0.00838552 -0.982098
1548339984.39466 -0.606575 -1.44264 1.53583 0.179714 0.0579051 -0.00648062 -0.981992
1548339984.42779 -0.607039 -1.44265 1.53641 0.178967 0.0582562 -0.00556503 -0.982113
1548339984.46095 -0.607453 -1.44246 1.53678 0.178527 0.0589195 -0.00449854 -0.982159
1548339984.49451 -0.60797 -1.44235 1.53724 0.181124 0.0583617 -0.00494106 -0.981715
1548339984.52770 -0.608452 -1.44236 1.53747 0.182159 0.0582858 -0.00439393 -0.98153
1548339984.56142 -0.609151 -1.44251 1.53775 0.178614 0.0595284 -0.0015242 -0.982116
1548339984.59463 -0.610015 -1.4429 1.53832 0.178132 0.0604773 -0.0016676 -0.982145
1548339984.62770 -0.610415 -1.44354 1.5386 0.180297 0.0596291 -0.00237745 -0.9818
1548339984.66105 -0.610435 -1.44419 1.53867 0.182168 0.0588033 -2.19867e-05 -0.981507
1548339984.69451 -0.61061 -1.44483 1.53895 0.182186 0.0582863 0.0013224 -0.981534
1548339984.72783 -0.610997 -1.4451 1.53965 0.180446 0.0590329 0.00197148 -0.98181
1548339984.76120 -0.611272 -1.44547 1.54038 0.179128 0.058346 0.00071137 -0.982094
1548339984.79446 -0.611493 -1.44565 1.54089 0.179721 0.0584259 0.00195321 -0.981979
1548339984.82780 -0.611812 -1.44586 1.54131 0.181676 0.0577544 0.00243049 -0.981658
1548339984.86086 -0.611909 -1.44603 1.54172 0.181776 0.0581402 0.00346877 -0.981614
1548339984.89416 -0.612016 -1.44598 1.54223 0.18245 0.058351 0.0032731 -0.981477
1548339984.92766 -0.611902 -1.44585 1.54278 0.183292 0.0582804 0.00342091 -0.981324
1548339984.96087 -0.611509 -1.44561 1.54342 0.184437 0.0581383 0.0031445 -0.981118
1548339984.99411 -0.611141 -1.44505 1.5442 0.184694 0.0583228 0.00372971 -0.981057
1548339985.02747 -0.610354 -1.44502 1.54478 0.18534 0.0573032 0.00271852 -0.980999
1548339985.06122 -0.609311 -1.44463 1.54521 0.18461 0.0564312 0.00274443 -0.981187
1548339985.09468 -0.608155 -1.44464 1.54567 0.186911 0.0542211 0.000835292 -0.980879
1548339985.12792 -0.606925 -1.4446 1.54598 0.186541 0.0531626 -0.00134516 -0.981007
1548339985.16103 -0.605532 -1.44445 1.54596 0.188593 0.0519545 -0.000675529 -0.98068
1548339985.19434 -0.604558 -1.44458 1.54607 0.187166 0.0517886 0.000127641 -0.980962
1548339985.22769 -0.603578 -1.44493 1.546 0.186961 0.0507701 0.00020058 -0.981055
1548339985.26123 -0.60279 -1.44554 1.54601 0.189058 0.0497413 -0.000521157 -0.980705
1548339985.29458 -0.602087 -1.44588 1.54576 0.190887 0.0483795 0.000110851 -0.980419
1548339985.32789 -0.601687 -1.44628 1.54558 0.190496 0.0482721 -0.000392125 -0.9805
1548339985.36121 -0.601221 -1.44682 1.54522 0.190464 0.048488 -0.0010362 -0.980495
1548339985.39468 -0.600565 -1.44742 1.5446 0.190268 0.0489059 -0.00109143 -0.980513
1548339985.42798 -0.59978 -1.44858 1.54389 0.18831 0.0494669 -0.00252006 -0.98086
1548339985.46060 -0.598551 -1.45016 1.54295 0.187104 0.0490843 -0.00259654 -0.98111
1548339985.49449 -0.597601 -1.45164 1.54215 0.184293 0.0485191 -0.00352183 -0.981667
1548339985.52785 -0.596082 -1.45286 1.54085 0.187285 0.0460077 -0.0039266 -0.98122
1548339985.56116 -0.595218 -1.45401 1.54006 0.183493 0.047286 -0.00762657 -0.981853
1548339985.59451 -0.594422 -1.45465 1.53917 0.180682 0.0495589 -0.0152324 -0.982174
1548339985.62784 -0.593757 -1.45429 1.53831 0.180992 0.0545184 -0.0312702 -0.981474
1548339985.66108 -0.592904 -1.45398 1.53749 0.178702 0.0581111 -0.0408623 -0.981335
1548339985.69444 -0.591509 -1.45388 1.53659 0.177367 0.0579715 -0.0462527 -0.981347
1548339985.72769 -0.589882 -1.45354 1.53564 0.175724 0.0596643 -0.0556045 -0.981055
1548339985.76107 -0.588302 -1.45302 1.53483 0.175662 0.0599 -0.0611023 -0.980725
1548339985.79451 -0.586846 -1.45282 1.53419 0.174614 0.0600506 -0.063665 -0.98074
1548339985.82778 -0.585686 -1.45295 1.53384 0.172325 0.0597653 -0.0656216 -0.981033
1548339985.86117 -0.584971 -1.45316 1.53349 0.170744 0.0601422 -0.0666074 -0.98122
1548339985.89466 -0.584683 -1.45333 1.53328 0.170061 0.0611518 -0.0675547 -0.981212
1548339985.92797 -0.584573 -1.45343 1.53337 0.170502 0.0614896 -0.067272 -0.981133
1548339985.96080 -0.584491 -1.45361 1.53372 0.170404 0.0621017 -0.06813 -0.981053
1548339985.99458 -0.584676 -1.4538 1.53433 0.171885 0.0628729 -0.0678163 -0.980767
1548339986.02804 -0.584867 -1.45421 1.53502 0.172691 0.0629519 -0.0654384 -0.980782
1548339986.06128 -0.584907 -1.4548 1.5353 0.173264 0.0639468 -0.0654298 -0.980617
1548339986.09449 -0.585055 -1.45552 1.53535 0.17549 0.0635858 -0.0617861 -0.980481
1548339986.12795 -0.585548 -1.45607 1.53515 0.176236 0.0644693 -0.0596341 -0.980423
1548339986.16130 -0.586288 -1.45669 1.5348 0.176663 0.0649121 -0.0580167 -0.980413
1548339986.19471 -0.587153 -1.4576 1.53419 0.177411 0.0655684 -0.0524559 -0.980548
1548339986.22766 -0.587887 -1.45839 1.53347 0.179797 0.0648765 -0.0495198 -0.980312
1548339986.26118 -0.588574 -1.45906 1.53296 0.180757 0.0649943 -0.0468652 -0.980258
1548339986.29423 -0.588998 -1.45987 1.53243 0.181675 0.0642675 -0.0441047 -0.980265
1548339986.32764 -0.589492 -1.46121 1.53206 0.179124 0.0643112 -0.0430783 -0.980777
1548339986.36100 -0.589377 -1.46225 1.53147 0.179372 0.0628441 -0.0409501 -0.980918
1548339986.39458 -0.589037 -1.46295 1.53081 0.180724 0.0610023 -0.0401451 -0.980819
1548339986.42776 -0.588557 -1.46349 1.5303 0.179956 0.0597265 -0.041202 -0.980995
1548339986.46060 -0.587903 -1.46411 1.52991 0.178076 0.0584099 -0.0395025 -0.981487
1548339986.49418 -0.587132 -1.46485 1.52944 0.178544 0.0554515 -0.0364961 -0.98169
1548339986.52779 -0.58674 -1.46539 1.52913 0.178441 0.0533066 -0.035115 -0.981878
1548339986.56113 -0.586764 -1.46563 1.52884 0.179577 0.0516911 -0.0334733 -0.981814
1548339986.59442 -0.586828 -1.46595 1.52825 0.182284 0.0491698 -0.029867 -0.981561
1548339986.62769 -0.587323 -1.46648 1.52788 0.180634 0.0503058 -0.0289296 -0.981837
1548339986.66124 -0.587315 -1.46652 1.52686 0.183827 0.0487048 -0.0274061 -0.981369
1548339986.69472 -0.587569 -1.46699 1.52613 0.185624 0.0472381 -0.02495 -0.981167
1548339986.72802 -0.587683 -1.46758 1.52536 0.187681 0.0459404 -0.0213967 -0.980922
1548339986.76122 -0.587998 -1.46823 1.52476 0.1878 0.0449975 -0.0203576 -0.980965
1548339986.79419 -0.588327 -1.4687 1.52419 0.187882 0.043473 -0.0187411 -0.98105
1548339986.82782 -0.588558 -1.46916 1.52343 0.188982 0.0417115 -0.0160165 -0.980964
1548339986.86135 -0.58902 -1.46979 1.52277 0.189242 0.0401611 -0.0154461 -0.980987
1548339986.89464 -0.589493 -1.47031 1.5221 0.189865 0.0389461 -0.0140567 -0.980937
1548339986.92808 -0.590163 -1.47112 1.52154 0.19011 0.0379978 -0.0121332 -0.980952
1548339986.96082 -0.590973 -1.47203 1.52076 0.190907 0.0372149 -0.010046 -0.980851
1548339986.99463 -0.592508 -1.47299 1.52048 0.187673 0.0386649 -0.0100226 -0.981419
1548339987.02779 -0.593529 -1.47345 1.51959 0.189244 0.0379133 -0.00755451 -0.981169
1548339987.06089 -0.594585 -1.47381 1.5187 0.18924 0.0376922 -0.00635302 -0.981187
1548339987.09437 -0.595593 -1.47427 1.51787 0.18853 0.0381877 -0.00483027 -0.981313
1548339987.12790 -0.596477 -1.47479 1.51713 0.187933 0.0380165 -0.00419264 -0.981437
1548339987.16128 -0.597024 -1.47528 1.51621 0.187905 0.0380425 -0.0024885 -0.981447
1548339987.19422 -0.597654 -1.47581 1.51551 0.185949 0.038511 -0.0023038 -0.981802
1548339987.22779 -0.598055 -1.47606 1.51474 0.187334 0.0378144 -0.00114581 -0.981568
1548339987.26102 -0.598876 -1.47651 1.51435 0.185019 0.0381972 -0.00139478 -0.981991
1548339987.29447 -0.59947 -1.47649 1.51391 0.184976 0.0383798 -0.00086812 -0.981993
1548339987.32780 -0.600235 -1.47623 1.51347 0.182849 0.0405395 0.000947815 -0.982304
1548339987.36136 -0.600992 -1.47603 1.51315 0.182895 0.0411767 0.000996169 -0.982269
1548339987.39446 -0.601628 -1.47593 1.51298 0.183191 0.0417224 0.00191228 -0.98219
1548339987.42781 -0.602276 -1.47589 1.51321 0.182069 0.0419525 0.00106902 -0.98239
1548339987.46088 -0.60263 -1.47565 1.51331 0.181961 0.0418828 0.00103054 -0.982413
1548339987.49465 -0.602929 -1.47544 1.5135 0.181449 0.0417013 0.00121912 -0.982515
1548339987.52798 -0.603161 -1.47517 1.51366 0.181804 0.0412969 0.00122645 -0.982467
1548339987.56134 -0.603209 -1.47472 1.5137 0.183073 0.0406778 0.00116978 -0.982257
1548339987.59463 -0.603385 -1.47428 1.51382 0.183426 0.0403926 0.00116485 -0.982203
1548339987.62788 -0.603682 -1.47375 1.51399 0.184012 0.0401182 0.00158824 -0.982104
1548339987.66146 -0.604124 -1.47298 1.5142 0.184603 0.0397782 0.00111005 -0.982007
1548339987.69469 -0.604294 -1.47227 1.51431 0.185041 0.040074 0.00145242 -0.981912
1548339987.72797 -0.604628 -1.47132 1.51438 0.187223 0.0397882 0.00215279 -0.981509
