#Stereo rect[ms], MP culling[ms], MP creation[ms], LBA[ms], KF culling[ms], Total[ms]
1.265151,0.040931,0.700186,0.003310,0.003310,2.013022
2.960396,0.172176,2.792572,0.000881,0.000881,5.927178
4.750176,0.128552,15.791267,0.136811,0.136811,34.463701
4.342697,0.172556,3.913332,0.338683,0.338683,21.521456
4.355337,0.123990,7.267825,0.378455,0.378455,26.444565
5.253252,0.097341,4.590558,0.545603,0.545603,25.277074
5.550945,0.113407,6.664996,0.850191,0.850191,34.741074
6.031960,0.118751,7.630051,0.798272,0.798272,33.419004
6.409509,0.123409,9.490361,0.821757,0.821757,41.423001
7.011302,0.097215,2208.671106,1.304790,1.304790,2272.379517
4.036338,1.012178,614.831573,0.784395,0.784395,810.071023
3.475637,0.954021,767.142091,1.509987,1.509987,846.438645
3.405136,1.130279,236.192251,0.856422,0.856422,273.039465
3.491949,0.455415,847.321194,0.916617,0.916617,893.627217
5.314700,0.899321,900.844858,1.075595,1.075595,961.705247
4.251385,1.069368,748.199570,2.156578,2.156578,890.183942
4.706767,1.256181,955.270955,1.140174,1.140174,1013.029005
4.409214,0.830784,729.442659,1.962968,1.962968,899.782594
5.256652,1.295011,733.872008,3.457583,3.457583,933.850396
5.402651,1.427890,1000.829897,1.452388,1.452388,1081.953451
4.782028,1.066554,1023.558399,1.449424,1.449424,1100.969570
4.835211,0.948045,729.026778,3.362573,3.362573,905.767316
5.560917,1.102988,740.918761,4.204094,4.204094,911.336083
5.115167,1.065557,954.872407,1.277538,1.277538,1031.049941
7.541627,1.060833,1013.010396,1.938532,1.938532,1093.448100
6.708891,1.268316,880.820810,4.102515,4.102515,991.331568
6.099848,1.683608,954.716780,2.186824,2.186824,1039.390560
6.188122,0.979828,779.944356,5.157307,5.157307,963.967319
6.564061,1.203702,774.826663,4.095106,4.095106,999.107804
7.163843,1.420437,777.270452,4.074840,4.074840,1044.426799
6.065857,3.167996,774.658845,3.849030,3.849030,995.442812
6.651107,1.086468,1016.200408,3.770156,3.770156,1131.642317
5.672194,1.261930,831.407445,5.289619,5.289619,1111.318454
8.512229,1.618582,907.543100,5.706315,5.706315,1066.030788
7.352312,1.385390,580.422257,4.824266,4.824266,888.658976
7.773160,0.786520,577.886925,4.222137,4.222137,939.897971
7.970448,0.951995,681.159532,5.105585,5.105585,975.635046
8.498079,1.067034,539.580404,6.076203,6.076203,853.493334
9.073801,1.140160,643.265024,6.398976,6.398976,859.132674
7.636362,1.155546,1003.958098,5.558126,5.558126,1092.256973
7.523883,1.042075,913.898249,3.546806,3.546806,1017.548486
6.534813,0.635215,729.817517,5.418468,5.418468,920.110771
6.457724,0.949224,689.593199,6.922706,6.922706,873.112414
5.593518,1.006405,673.163542,7.322514,7.322514,841.235275
4.927261,1.035364,680.220885,6.410583,6.410583,862.455110
6.998607,1.518877,493.943204,7.008344,7.008344,696.542307
5.803606,0.729830,415.084841,7.681121,7.681121,744.152353
8.142250,0.501562,611.819147,6.097891,6.097891,834.147544
6.353601,0.745556,614.147229,7.790544,7.790544,873.680499
6.350594,0.903048,614.815024,7.148335,7.148335,879.302887
6.568229,0.953535,656.345868,7.576815,7.576815,943.251930
6.043030,1.142316,689.221167,12.653556,12.653556,915.650932
6.495898,1.187860,666.658060,8.209924,8.209924,982.471052
5.058711,1.239788,626.306614,7.832219,7.832219,968.968962
5.232370,4.816219,626.829406,17.791556,17.791556,1024.265236
5.264342,4.812500,684.573273,7.679695,7.679695,1034.698360
6.307734,1.207229,705.607918,12.025651,12.025651,1089.446636
4.498901,0.989476,718.919256,12.683371,12.683371,1110.136318
4.384336,1.118553,747.062045,6.378385,6.378385,1111.050715
3.694779,0.963461,731.095211,6.189154,6.189154,1089.763765
3.824446,1.021842,585.877584,6.803996,6.803996,980.768289
7.669224,0.995806,574.714741,8.120107,8.120107,1007.169661
7.265791,1.213670,610.912061,10.142513,10.142513,823.240144
3.431937,1.178478,690.394599,8.013060,8.013060,883.288610
5.468417,1.036821,1066.352681,0.000000,0.000000,1072.859509
5.330968,1.129291,555.626127,15.473263,15.473263,974.919823
10.846725,1.909907,556.158226,6.076068,6.076068,1134.813970
4.078432,0.760761,631.647266,10.570041,10.570041,1071.664877
10.834735,1.356318,662.292127,13.413295,13.413295,1099.829757
4.404116,1.063636,569.225368,13.155469,13.155469,1079.718641
3.468625,0.931708,446.462996,6.438652,6.438652,887.857757
7.178787,0.714243,458.877484,5.781137,5.781137,895.896570
1.464427,0.774507,77.407199,4.723086,4.723086,118.907988
7.550928,0.697731,565.585646,12.766776,12.766776,971.213978
8.631792,0.876556,711.625198,10.002304,10.002304,1119.999180
9.052353,1.538106,520.411412,12.901329,12.901329,1021.323890
8.789573,1.144340,1163.768332,11.807493,11.807493,1379.466514
10.324191,1.519289,1257.373696,9.652772,9.652772,1546.361428
13.780909,1.775078,789.151853,8.879609,8.879609,1134.215780
13.871337,1.254615,550.685428,12.826392,12.826392,912.170369
14.389563,1.043174,571.457007,19.446034,19.446034,925.260967
10.352010,0.680230,276.753952,32.991737,32.991737,600.010840
10.910191,1.089823,238.570755,7.263886,7.263886,406.906204
10.603261,0.890433,374.782985,11.919575,11.919575,533.350889
8.578873,0.671785,350.501906,6.912653,6.912653,474.039742
10.181445,0.803884,630.112865,17.113314,17.113314,856.568426
11.828006,0.973342,611.354527,18.465022,18.465022,958.006817
7.255859,0.863392,599.740663,18.580591,18.580591,792.977165
8.083560,1.110568,605.269694,9.395307,9.395307,808.403855
6.136528,1.187588,610.400894,11.886734,11.886734,863.680751
6.772140,1.131108,693.857814,16.284736,16.284736,875.505415
6.211668,1.218787,620.318627,8.794714,8.794714,886.864767
7.874325,1.256589,603.963449,13.341873,13.341873,906.755596
9.241268,1.143017,536.855970,10.670847,10.670847,684.302367
9.680316,1.117731,545.160324,8.843998,8.843998,814.924397
6.295473,1.016919,459.829930,7.427044,7.427044,751.645684
8.194998,0.925705,512.263090,11.701285,11.701285,801.390991
8.074164,0.962911,479.616693,8.093160,8.093160,799.614664
8.804988,0.717501,533.882492,17.072322,17.072322,805.305701
9.267530,0.551318,478.625853,7.674616,7.674616,822.881726
11.026440,0.796219,486.190787,14.054721,14.054721,819.427032
10.071627,1.201959,396.815567,22.140959,22.140959,857.418773
14.350451,1.381843,351.137037,15.615791,15.615791,1011.488056
19.740139,0.812379,276.991117,20.376454,20.376454,977.494427
19.293862,0.507710,426.865684,24.265268,24.265268,928.110266
11.953658,0.668670,281.284746,19.381508,19.381508,591.476691
13.587093,0.709818,1025.532164,19.910082,19.910082,1345.155181
17.807762,1.052869,735.169126,17.286668,17.286668,977.647484
10.776922,1.278256,674.506528,14.248750,14.248750,1018.720268
10.772561,1.803108,671.294013,21.509118,21.509118,1048.658196
7.163446,9.074280,549.130612,20.812624,20.812624,942.142037
6.970459,0.642260,642.825271,19.546593,19.546593,905.689533
7.445492,0.609157,987.910206,7.991542,7.991542,1098.594377
13.700171,1.154127,995.780944,12.384931,12.384931,1210.646205
13.691959,1.503140,1138.525818,9.508869,9.508869,1314.399401
12.692708,1.734116,1237.568197,18.324507,18.324507,1575.583929
12.165148,1.575290,1174.033751,13.726777,13.726777,1531.301061
8.508315,1.241055,859.307584,15.699431,15.699431,1238.883821
10.999526,1.654374,1167.915636,34.984914,34.984914,1596.716786
10.413503,2.183707,1255.796856,23.798860,23.798860,2286.696919
9.250896,1.923570,1322.798388,18.412104,18.412104,2262.486980
9.311044,1.812470,1475.050523,23.349437,23.349437,1857.437124
10.503431,1.713896,1583.764840,14.669906,14.669906,2637.660923
15.220648,2.154854,1549.020425,24.894987,24.894987,1911.866896
8.704691,1.982492,1343.390226,20.285404,20.285404,2156.167745
7.749256,1.189999,1269.183045,0.000000,0.000000,1278.122975
7.415988,1.054158,1181.812795,0.000000,0.000000,1190.283878
4.859002,1.192117,722.278434,12.411398,12.411398,1139.302935
5.140351,0.969375,1114.329091,0.000000,0.000000,1120.440847
5.595390,1.449354,1122.815749,0.000000,0.000000,1129.861278
4.784248,1.057568,569.048116,16.931594,16.931594,793.620080
3.455293,1.573512,722.478536,0.000000,0.000000,727.508043
19.213458,0.917390,533.612384,2.803221,2.803221,722.319968
2.670948,0.741129,775.457864,0.000000,0.000000,778.870516
3.131655,0.649295,738.353473,0.000000,0.000000,742.134911
9.640259,0.557329,619.406846,3.368854,3.368854,710.003727
3.377204,0.580867,663.793768,2.403868,2.403868,678.038857
19.080218,0.597138,503.198761,2.550735,2.550735,671.245767
2.493217,0.565454,229.403923,1.425318,1.425318,257.271672
4.059258,0.402843,243.968875,1.958057,1.958057,273.425157
12.242700,0.749903,188.771129,1.769745,1.769745,232.986427
4.992524,0.602645,331.255987,1.131735,1.131735,362.704264
4.880169,0.820726,515.375550,3.009028,3.009028,563.711657
2.949594,0.981074,590.194069,4.547186,4.547186,693.124771
3.270241,1.287623,851.231687,3.187547,3.187547,900.063956
9.414664,1.091497,532.670131,26.176174,26.176174,993.236873
16.545070,1.868300,827.293871,32.669371,32.669371,1188.097443
14.000202,1.243783,1231.038819,16.494875,16.494875,1591.340643
12.722874,1.773101,1210.018093,27.446912,27.446912,1540.900575
9.308584,1.344617,722.439058,18.684494,18.684494,1161.960549
16.416993,1.796472,843.213589,18.454335,18.454335,1302.922862
14.146544,2.672110,919.112938,32.855712,32.855712,1424.163895
17.417180,1.503937,1228.396548,26.302375,26.302375,2273.671603
