#Stereo rect[ms], MP culling[ms], MP creation[ms], LBA[ms], KF culling[ms], Total[ms]
0.406156,0.058983,0.904772,0.003556,0.003556,1.376769
1.363397,0.228750,2.569149,0.001041,0.001041,4.163589
1.658320,0.179348,7.793033,0.107439,0.107439,22.182103
1.700362,0.155815,3.871626,0.431786,0.431786,20.673679
2.569080,0.112619,6.236517,0.572303,0.572303,29.866490
2.816202,0.215965,6.685456,0.630180,0.630180,29.978906
2.705037,0.119639,9.050681,0.917910,0.917910,35.055376
2.664883,0.139808,12.253622,1.143828,1.143828,42.848319
3.667131,0.194282,27.945513,1.361781,1.361781,66.960603
4.197658,0.182811,29.347429,1.526038,1.526038,63.449165
5.448648,0.105889,27.582957,1.936666,1.936666,65.025257
4.173071,0.225869,36.212586,2.049046,2.049046,71.104797
6.637552,0.246371,28.787303,2.344827,2.344827,70.954722
10.539417,0.126095,27.483201,3.231280,3.231280,79.530891
8.285332,0.222364,15.814095,2.774631,2.774631,66.935915
7.287262,0.207507,15.030728,2.828042,2.828042,68.558542
5.302837,0.160982,12.085391,3.211310,3.211310,75.385542
5.908992,0.264193,32.113388,3.376060,3.376060,84.693684
5.435374,0.333470,12.445476,4.362132,4.362132,69.949658
4.684238,0.189112,29.417025,3.631024,3.631024,100.981761
10.717615,0.261316,37.447237,4.104308,4.104308,111.298709
10.193704,0.222428,38.987874,4.452902,4.452902,117.510798
10.247108,0.142847,35.528455,4.272316,4.272316,109.188034
10.802898,0.160840,51.913141,4.687674,4.687674,127.454388
10.618664,0.129849,33.675080,5.263498,5.263498,116.399375
10.132436,0.148566,33.598097,4.549748,4.549748,109.094035
13.366037,0.316108,46.335986,5.529955,5.529955,123.244419
9.554821,0.132795,33.016224,5.456466,5.456466,105.531214
12.750389,0.262353,39.438244,5.961592,5.961592,127.130210
11.547910,0.159400,48.341785,5.430154,5.430154,142.968184
8.946684,0.137456,46.557716,5.815776,5.815776,145.798804
9.978517,0.310994,37.454686,6.083877,6.083877,135.732906
10.676909,0.327253,31.896839,6.124653,6.124653,131.608296
8.447043,0.170768,39.996090,6.849827,6.849827,146.164811
10.138642,0.242852,41.417431,7.126035,7.126035,151.983963
6.791944,0.289372,45.748735,6.210486,6.210486,154.093555
6.226480,0.291818,36.798831,6.839594,6.839594,157.447076
7.166343,0.312575,34.472759,6.985680,6.985680,138.299233
7.984529,0.232274,44.108878,6.962174,6.962174,149.655980
7.716455,0.171321,39.622413,7.234082,7.234082,145.474509
6.836507,0.255492,46.395741,8.056584,8.056584,169.918837
9.071790,0.256729,44.515207,8.557620,8.557620,162.220483
10.742701,0.253701,45.750090,7.529796,7.529796,167.413720
12.447159,0.216354,45.583268,8.026390,8.026390,159.666381
13.280754,0.317687,40.221379,7.621945,7.621945,162.687857
11.139193,0.301947,46.469524,8.650003,8.650003,174.771897
9.079972,0.365155,44.542105,7.496568,7.496568,171.282992
9.449293,0.298989,41.886635,8.206175,8.206175,165.518801
9.379702,0.253934,36.488067,8.381882,8.381882,154.871403
12.203319,0.326553,41.631654,9.039025,9.039025,173.964582
11.283848,0.190080,42.222160,8.826517,8.826517,168.995466
11.695011,0.255812,44.339969,9.801150,9.801150,184.794465
13.199125,0.277215,63.588789,11.336067,11.336067,218.396549
8.671689,0.218045,51.506633,9.418060,9.418060,203.765711
11.693075,0.196227,50.729217,9.419172,9.419172,202.609134
18.867156,0.266397,65.259226,8.935635,8.935635,224.372996
13.716609,0.237818,74.113489,11.119770,11.119770,226.593103
14.793660,0.238932,75.342720,9.933154,9.933154,231.275487
14.670467,0.240917,79.607008,10.625490,10.625490,234.677635
12.572331,0.232391,72.889944,13.008895,13.008895,251.280625
12.665161,0.177530,81.053033,11.505763,11.505763,251.917737
14.234951,0.227241,80.238050,13.084678,13.084678,251.734974
12.214788,0.248840,50.853174,12.726119,12.726119,226.286003
11.508163,0.107839,82.390108,13.058158,13.058158,255.131215
10.280767,0.151830,55.352709,12.501385,12.501385,230.153236
9.092140,0.213311,51.396810,11.273362,11.273362,226.429651
12.771263,0.275805,71.167702,12.444222,12.444222,252.190884
12.280723,0.316225,79.209056,14.217367,14.217367,265.395033
13.288513,0.274687,42.807602,12.276177,12.276177,230.278494
13.136013,0.254010,81.257891,14.110169,14.110169,258.153246
8.939814,0.339636,39.806614,14.496775,14.496775,216.768286
11.800487,0.221648,71.830683,13.983770,13.983770,263.610362
18.073650,0.111441,81.403845,14.198008,14.198008,284.410626
13.459792,0.156507,82.346401,14.357164,14.357164,281.942541
15.114201,0.170903,84.405708,15.528833,15.528833,291.013137
15.853074,0.165396,115.028116,14.578364,14.578364,324.372973
17.992659,0.317276,108.276338,14.385399,14.385399,321.443093
18.021863,0.194220,76.579564,15.994053,15.994053,295.063385
18.186219,0.166795,76.959106,15.275143,15.275143,321.527665
18.754769,0.328035,75.389773,20.118438,20.118438,315.590098
18.629902,0.174140,68.712624,17.020471,17.020471,292.525646
16.966310,0.296170,78.751867,22.498525,22.498525,306.350719
14.889642,0.195538,37.734960,20.089427,20.089427,250.372323
19.339085,0.278479,77.073151,17.794608,17.794608,332.752454
17.320321,0.191729,84.413547,17.366775,17.366775,341.149549
21.706732,0.224215,78.718857,20.121964,20.121964,356.217233
20.551927,0.275722,79.746404,23.975384,23.975384,347.780260
19.480772,0.182771,79.061432,21.133146,21.133146,385.031900
20.954719,0.473139,110.014811,21.636532,21.636532,385.766266
22.674187,0.202778,112.685427,24.961750,24.961750,400.096589
17.229911,0.397713,112.080495,19.811141,19.811141,397.669802
20.160211,0.194226,117.380139,25.873322,25.873322,386.125898
18.717717,0.256617,108.669696,20.192327,20.192327,368.910885
17.776313,0.268184,76.726512,24.064859,24.064859,351.841355
15.275046,0.321600,42.723569,21.066194,21.066194,311.412208
11.339030,0.183569,69.401246,23.160970,23.160970,344.195998
10.604820,0.200339,49.797140,26.339551,26.339551,300.267171
10.625363,0.205054,42.260386,23.028457,23.028457,324.070071
11.551686,0.250197,46.432300,23.206565,23.206565,279.077906
8.932039,0.178476,49.113259,21.180012,21.180012,283.478487
12.591864,0.242496,44.630209,27.172596,27.172596,292.319190
13.844715,0.190255,83.953213,22.592145,22.592145,320.466463
14.439560,0.214713,81.822391,22.813184,22.813184,327.017804
15.605129,0.225256,79.923199,22.973537,22.973537,374.320684
18.210432,0.223237,84.516532,25.090710,25.090710,414.728204
21.186927,0.370776,124.591683,26.342979,26.342979,432.416899
24.566080,0.237939,111.578498,27.218654,27.218654,426.190426
22.474398,0.185554,112.721957,29.635901,29.635901,432.796582
18.255505,0.340081,107.227937,26.981938,26.981938,415.098105
19.988608,0.383554,101.521386,26.299506,26.299506,393.168363
24.914942,0.304098,107.916128,26.359443,26.359443,411.689556
16.667947,0.191399,73.671131,23.133259,23.133259,373.975804
21.669745,0.290807,81.453443,25.222563,25.222563,392.990588
17.369977,0.194189,110.706092,24.793198,24.793198,403.738790
18.158948,0.268103,99.685190,26.373613,26.373613,369.511278
26.899418,0.171179,109.085353,22.454188,22.454188,419.759933
22.178385,0.413171,101.667154,22.651927,22.651927,418.062230
19.775656,0.258207,101.182489,21.587216,21.587216,409.422167
20.030812,0.272400,80.744165,24.040035,24.040035,392.513716
16.741260,0.198921,69.150040,25.486584,25.486584,387.393909
22.086902,0.349768,100.454032,28.334233,28.334233,434.989570
24.151413,0.214229,110.096069,31.428670,31.428670,441.355123
24.058357,0.229233,105.330468,26.015913,26.015913,425.631691
