# ground truth trajectory
# timestamp tx ty tz qx qy qz qw
1548339348.72716 0.603222 -1.6223 1.32968 0.0984061 0.0921478 -0.470084 -0.872265
1548339348.76031 0.601827 -1.62089 1.32913 0.0997258 0.0931201 -0.46549 -0.874473
1548339348.79380 0.600122 -1.6193 1.32928 0.0991248 0.0911678 -0.46404 -0.875517
1548339348.82710 0.598839 -1.61817 1.32892 0.0971196 0.0924306 -0.467364 -0.873839
1548339348.86058 0.59716 -1.61648 1.32861 0.0995377 0.0930013 -0.462605 -0.876036
1548339348.89389 0.595603 -1.61503 1.32853 0.0987568 0.093082 -0.462177 -0.876342
1548339348.92737 0.594136 -1.61328 1.32808 0.101419 0.0945337 -0.459609 -0.877233
1548339348.96040 0.593073 -1.61143 1.32801 0.100325 0.0921913 -0.45747 -0.878725
1548339348.99426 0.592343 -1.61023 1.32738 0.100328 0.0916007 -0.45631 -0.879389
1548339349.02736 0.590824 -1.60747 1.32731 0.101164 0.0869343 -0.453272 -0.881336
1548339349.06052 0.589591 -1.60544 1.32704 0.102468 0.0863899 -0.454495 -0.880609
1548339349.09406 0.589452 -1.60397 1.3265 0.103579 0.0861726 -0.455741 -0.879856
1548339349.12767 0.588735 -1.60202 1.326 0.106792 0.0856698 -0.4535 -0.880678
1548339349.16080 0.587768 -1.59976 1.32577 0.108293 0.0813765 -0.450833 -0.88227
1548339349.19410 0.587269 -1.5984 1.325 0.109818 0.0827168 -0.449857 -0.882455
1548339349.22757 0.585547 -1.59675 1.32436 0.111958 0.0812747 -0.447473 -0.883531
1548339349.26072 0.583926 -1.59592 1.32403 0.109317 0.0808343 -0.448304 -0.883481
1548339349.29425 0.582151 -1.59523 1.32319 0.111108 0.0838596 -0.445614 -0.884336
1548339349.32762 0.580613 -1.59449 1.32261 0.111231 0.0849361 -0.443016 -0.885523
1548339349.36087 0.579197 -1.59381 1.32213 0.111942 0.0875204 -0.442832 -0.885274
1548339349.39405 0.578542 -1.59387 1.3219 0.109101 0.0862647 -0.442652 -0.885841
1548339349.42723 0.577999 -1.593 1.32074 0.1129 0.0873068 -0.436097 -0.888511
1548339349.46065 0.577863 -1.5931 1.31947 0.110711 0.0875739 -0.434207 -0.889685
1548339349.49409 0.57811 -1.59399 1.31797 0.104631 0.0870177 -0.434547 -0.890308
1548339349.52751 0.577487 -1.59369 1.31591 0.109309 0.0880392 -0.428644 -0.892505
1548339349.56056 0.577218 -1.59392 1.31445 0.104431 0.0846161 -0.427801 -0.893824
1548339349.59407 0.577103 -1.59451 1.31267 0.103104 0.0873689 -0.425518 -0.894802
1548339349.62731 0.576668 -1.59496 1.31102 0.101457 0.087085 -0.422403 -0.896492
1548339349.66064 0.575493 -1.59507 1.30927 0.104127 0.0879959 -0.416434 -0.898886
1548339349.69396 0.574349 -1.59563 1.30717 0.103247 0.0888003 -0.413913 -0.900073
1548339349.72736 0.573511 -1.59603 1.30467 0.0993741 0.0869225 -0.411732 -0.90169
1548339349.76101 0.573262 -1.59677 1.30159 0.0938467 0.0856206 -0.412416 -0.902095
1548339349.79423 0.573324 -1.59686 1.2977 0.0929991 0.082529 -0.411374 -0.902946
1548339349.82731 0.574722 -1.5968 1.29314 0.0922368 0.0845957 -0.409137 -0.903849
1548339349.86072 0.576601 -1.59722 1.28901 0.0868454 0.0820981 -0.411086 -0.903729
1548339349.89422 0.578462 -1.59714 1.2852 0.0838442 0.075566 -0.407311 -0.906288
1548339349.92743 0.580018 -1.59662 1.28104 0.0837813 0.0728208 -0.406049 -0.907084
1548339349.96066 0.581673 -1.5975 1.27695 0.0785261 0.0712799 -0.411035 -0.90543
1548339349.99425 0.583152 -1.59749 1.27278 0.0792698 0.0705932 -0.408166 -0.906716
1548339350.02771 0.584812 -1.5987 1.27019 0.0710413 0.0622065 -0.41104 -0.906714
1548339350.06075 0.585195 -1.59773 1.26653 0.07818 0.0639436 -0.403948 -0.909189
1548339350.09426 0.586038 -1.59944 1.26435 0.0701466 0.0588058 -0.410199 -0.907391
1548339350.12761 0.585948 -1.59982 1.26161 0.0708387 0.0589631 -0.409902 -0.907461
1548339350.16094 0.585371 -1.6 1.25871 0.0762852 0.0623338 -0.405979 -0.908557
1548339350.19404 0.585186 -1.60121 1.25658 0.0776626 0.0631222 -0.400573 -0.910783
1548339350.22747 0.585187 -1.60359 1.25532 0.0701063 0.0557439 -0.401738 -0.911364
1548339350.26059 0.584586 -1.60433 1.25251 0.0741278 0.0570528 -0.392906 -0.914809
1548339350.29387 0.584699 -1.60602 1.24954 0.0739599 0.0554627 -0.387835 -0.917081
1548339350.32726 0.584506 -1.60803 1.24662 0.0714585 0.0537887 -0.385156 -0.918507
1548339350.36047 0.584503 -1.60948 1.24368 0.0723752 0.05099 -0.37587 -0.922434
1548339350.39405 0.584194 -1.61141 1.24092 0.0686853 0.0485146 -0.376673 -0.922521
1548339350.42727 0.583693 -1.613 1.2384 0.0675787 0.0457443 -0.373881 -0.92388
1548339350.46032 0.583318 -1.61384 1.23584 0.0684036 0.0463936 -0.369505 -0.925546
1548339350.49382 0.5827 -1.6156 1.23412 0.0672475 0.0446018 -0.366907 -0.926751
1548339350.52733 0.582391 -1.61682 1.23312 0.064265 0.0402187 -0.365347 -0.927779
1548339350.56101 0.581855 -1.61786 1.23253 0.0643962 0.0364095 -0.360543 -0.929805
1548339350.59395 0.581485 -1.6191 1.23264 0.0638729 0.0348537 -0.356373 -0.931506
1548339350.62753 0.581289 -1.62059 1.23377 0.0627932 0.0335991 -0.352095 -0.933251
1548339350.66095 0.580518 -1.62131 1.23586 0.0646845 0.0309231 -0.349834 -0.934064
1548339350.69410 0.579924 -1.62233 1.23865 0.0642876 0.0324665 -0.348539 -0.934523
1548339350.72760 0.578606 -1.62359 1.24238 0.0652443 0.0327959 -0.345695 -0.935501
1548339350.76086 0.577797 -1.62469 1.24568 0.0690063 0.0368416 -0.344725 -0.935439
1548339350.79423 0.576654 -1.62548 1.25011 0.072627 0.0362294 -0.341246 -0.936463
1548339350.82741 0.574825 -1.62661 1.25494 0.0747676 0.039966 -0.340417 -0.936445
1548339350.86092 0.573243 -1.62723 1.25979 0.0782609 0.0426284 -0.339184 -0.936489
1548339350.89431 0.571472 -1.62896 1.2655 0.0753367 0.0433997 -0.345204 -0.934492
1548339350.92749 0.569487 -1.62823 1.27047 0.083298 0.0458499 -0.341847 -0.934933
1548339350.96084 0.567959 -1.62887 1.27576 0.0874017 0.0480677 -0.342798 -0.934099
1548339350.99412 0.56688 -1.63004 1.28124 0.0851199 0.0464959 -0.34465 -0.933707
1548339351.02738 0.564988 -1.63194 1.28646 0.0869993 0.0474056 -0.343769 -0.933813
1548339351.06062 0.562727 -1.63504 1.29202 0.0847682 0.0476627 -0.34654 -0.932981
1548339351.09380 0.559595 -1.63802 1.29787 0.0885169 0.04818 -0.344529 -0.93335
1548339351.12721 0.556104 -1.64254 1.30366 0.0900326 0.0541511 -0.343811 -0.933143
1548339351.16068 0.551496 -1.64799 1.31006 0.0953683 0.0552088 -0.33911 -0.934271
1548339351.19401 0.547292 -1.65489 1.31711 0.0913387 0.0585544 -0.336811 -0.935301
1548339351.22743 0.541356 -1.66226 1.32448 0.0915047 0.0586462 -0.330991 -0.937354
1548339351.26050 0.536615 -1.67009 1.33091 0.0943688 0.0569534 -0.317995 -0.941663
1548339351.29399 0.531065 -1.67925 1.33723 0.0947142 0.0556196 -0.314101 -0.943015
1548339351.32714 0.524719 -1.68632 1.34327 0.0981694 0.0620991 -0.308241 -0.94419
1548339351.36073 0.519391 -1.69436 1.34885 0.100943 0.065002 -0.299278 -0.946582
1548339351.39403 0.514134 -1.70213 1.35433 0.102294 0.0624478 -0.293448 -0.948433
1548339351.42746 0.509009 -1.70982 1.35958 0.105458 0.0626272 -0.283361 -0.951138
1548339351.46105 0.503619 -1.71673 1.36474 0.107546 0.0606837 -0.276287 -0.953109
1548339351.49411 0.498456 -1.72327 1.36988 0.111031 0.060991 -0.269531 -0.954623
1548339351.52745 0.492907 -1.72907 1.3749 0.114451 0.0604308 -0.264786 -0.955582
1548339351.56089 0.48778 -1.73452 1.37979 0.11951 0.0647068 -0.257025 -0.956801
1548339351.59397 0.482354 -1.7391 1.38493 0.122211 0.0641815 -0.251206 -0.95804
1548339351.62760 0.477531 -1.74384 1.39034 0.125708 0.0664611 -0.245878 -0.958814
1548339351.66068 0.473123 -1.74824 1.39572 0.129899 0.0661478 -0.239418 -0.959911
1548339351.69419 0.469067 -1.75247 1.40095 0.131819 0.0651383 -0.231788 -0.96159
1548339351.72763 0.464945 -1.75697 1.40634 0.135774 0.0662408 -0.223861 -0.962842
1548339351.76082 0.461564 -1.76153 1.41158 0.137888 0.0683532 -0.217945 -0.96375
1548339351.79407 0.457837 -1.76566 1.41703 0.13927 0.0663473 -0.213009 -0.964795
1548339351.82727 0.454634 -1.7703 1.42218 0.139872 0.0693973 -0.206671 -0.965871
1548339351.86048 0.451377 -1.77438 1.42718 0.141741 0.0673455 -0.197327 -0.967696
1548339351.89372 0.448315 -1.7786 1.43191 0.14269 0.0664987 -0.191738 -0.968738
1548339351.92747 0.445402 -1.783 1.43653 0.143581 0.065845 -0.185332 -0.969897
1548339351.96074 0.442756 -1.78771 1.44101 0.144454 0.0629835 -0.178173 -0.971298
1548339351.99391 0.440351 -1.7931 1.44567 0.142725 0.0627597 -0.169787 -0.973069
1548339352.02744 0.437501 -1.798 1.45004 0.141761 0.0618512 -0.165237 -0.974051
1548339352.06048 0.434138 -1.80313 1.45431 0.141352 0.0612622 -0.160406 -0.974955
1548339352.09404 0.430851 -1.80826 1.45846 0.139783 0.0617345 -0.156927 -0.975717
1548339352.12709 0.427072 -1.81297 1.46217 0.139389 0.0617477 -0.156126 -0.975901
1548339352.16076 0.423565 -1.81771 1.46583 0.139619 0.0620165 -0.14897 -0.976969
1548339352.19405 0.420251 -1.82207 1.46934 0.13837 0.0603866 -0.145004 -0.977845
1548339352.22758 0.417149 -1.82578 1.47264 0.139339 0.0587817 -0.138978 -0.97868
1548339352.26101 0.41391 -1.82901 1.47572 0.140484 0.0569843 -0.132548 -0.979514
1548339352.29410 0.410101 -1.83114 1.47835 0.142702 0.0536477 -0.128457 -0.979927
1548339352.32757 0.406047 -1.83308 1.48063 0.143931 0.0542796 -0.123388 -0.980364
1548339352.36058 0.401597 -1.8346 1.48208 0.145762 0.0508296 -0.120403 -0.980649
1548339352.39418 0.397467 -1.83683 1.48306 0.150554 0.0512367 -0.109485 -0.981184
1548339352.42730 0.39283 -1.83846 1.48356 0.149882 0.0446045 -0.108122 -0.981761
1548339352.46067 0.388286 -1.83994 1.48332 0.151729 0.0455439 -0.0987408 -0.982423
1548339352.49426 0.383851 -1.84198 1.48262 0.152283 0.0404016 -0.0911018 -0.9833
1548339352.52747 0.380026 -1.84316 1.48212 0.15139 0.0397793 -0.0895421 -0.983606
1548339352.56083 0.376914 -1.8451 1.48091 0.151499 0.035839 -0.0869206 -0.983976
1548339352.59386 0.373337 -1.84677 1.4786 0.153052 0.0309089 -0.0786607 -0.984598
1548339352.62743 0.370586 -1.84813 1.47676 0.149214 0.0272374 -0.0765947 -0.985458
1548339352.66065 0.366675 -1.84905 1.47423 0.149703 0.0261881 -0.0705379 -0.985864
1548339352.69406 0.3635 -1.85073 1.47163 0.147879 0.0203719 -0.0730294 -0.986095
1548339352.72732 0.360403 -1.85249 1.46847 0.145377 0.0180357 -0.0713068 -0.986638
1548339352.76070 0.357179 -1.85374 1.4649 0.144039 0.0169498 -0.0681263 -0.987079
1548339352.79406 0.354609 -1.85516 1.46123 0.137261 0.0206858 -0.0633448 -0.988291
1548339352.82755 0.351847 -1.85642 1.45727 0.142968 0.0171102 -0.0625098 -0.987603
1548339352.86081 0.349669 -1.8579 1.45357 0.137605 0.0150258 -0.0582304 -0.98866
1548339352.89386 0.347757 -1.85944 1.45016 0.136416 0.0138671 -0.0569492 -0.988916
1548339352.92736 0.346152 -1.86108 1.44676 0.138328 0.013458 -0.0501268 -0.989026
1548339352.96080 0.34464 -1.86261 1.44366 0.13361 0.0141269 -0.0429736 -0.990001
1548339352.99404 0.343364 -1.86481 1.44065 0.14839 0.00599889 -0.0430106 -0.987975
1548339353.02760 0.342324 -1.86537 1.43843 0.136653 0.00864565 -0.029444 -0.990144
1548339353.06073 0.341089 -1.86587 1.43664 0.13605 0.00472276 -0.0218051 -0.990451
1548339353.09414 0.339626 -1.86548 1.43532 0.137599 0.00432123 -0.0142767 -0.990376
1548339353.12764 0.338313 -1.86454 1.43457 0.139669 0.00160886 -0.00406552 -0.990189
1548339353.16087 0.336547 -1.86254 1.43394 0.145714 0.000513239 0.00143731 -0.989326
1548339353.19412 0.335492 -1.86068 1.4338 0.147132 -0.000315903 0.00791642 -0.989085
1548339353.22758 0.33427 -1.8593 1.43445 0.151828 -0.00322472 0.0171469 -0.988253
1548339353.26072 0.332789 -1.85708 1.435 0.156823 -0.00664874 0.0250058 -0.987288
1548339353.29392 0.33133 -1.85517 1.43623 0.153011 -0.00606366 0.034679 -0.987597
1548339353.32726 0.32969 -1.85341 1.43756 0.15832 -0.00696974 0.0389762 -0.986594
1548339353.36080 0.328105 -1.85208 1.43928 0.162603 -0.00784098 0.0446652 -0.985649
1548339353.39399 0.326505 -1.85089 1.44124 0.161791 -0.00564515 0.0514168 -0.985468
1548339353.42740 0.325112 -1.85043 1.44364 0.165713 -0.00647765 0.0550274 -0.984616
1548339353.46061 0.323675 -1.85002 1.44631 0.166101 -0.00592002 0.0596967 -0.984282
1548339353.49394 0.322299 -1.84966 1.44918 0.165532 -0.00487438 0.0658351 -0.983993
1548339353.52726 0.320868 -1.84916 1.45223 0.163509 -0.00332865 0.0709925 -0.983979
1548339353.56051 0.319383 -1.84825 1.45481 0.166628 -0.00270632 0.0746814 -0.983184
1548339353.59403 0.318061 -1.84745 1.45735 0.167002 -0.00253493 0.0812887 -0.982597
1548339353.62745 0.316826 -1.84637 1.45998 0.166673 -0.00140065 0.0862066 -0.982235
1548339353.66090 0.315661 -1.84509 1.46246 0.166245 -0.000417679 0.0897242 -0.981994
1548339353.69397 0.314615 -1.8441 1.465 0.165706 -0.000467044 0.0973929 -0.981354
1548339353.72731 0.313366 -1.84268 1.46737 0.168088 -0.00214097 0.102348 -0.980442
1548339353.76055 0.31217 -1.84108 1.4699 0.170214 -0.00180648 0.108406 -0.979424
1548339353.79425 0.310883 -1.83964 1.47248 0.171124 -0.00255222 0.111706 -0.978893
1548339353.82749 0.309599 -1.83842 1.475 0.170421 -0.00330309 0.115907 -0.978525
1548339353.86093 0.308119 -1.83706 1.47745 0.17022 -0.00278923 0.120347 -0.978026
1548339353.89396 0.306358 -1.8357 1.47972 0.17113 -0.00315521 0.126296 -0.977115
1548339353.92769 0.304473 -1.83419 1.4817 0.174111 -0.00303736 0.132101 -0.97582
1548339353.96100 0.302621 -1.833 1.48371 0.175102 -0.00369675 0.13559 -0.975162
1548339353.99429 0.300403 -1.83194 1.48572 0.175731 -0.00304976 0.140565 -0.974346
1548339354.02768 0.298048 -1.83102 1.48734 0.177333 -0.00414823 0.1469 -0.973117
1548339354.06084 0.295509 -1.83023 1.48903 0.177017 -0.00398519 0.152927 -0.972246
1548339354.09422 0.292631 -1.8294 1.49033 0.177324 -0.00489304 0.159893 -0.971065
1548339354.12748 0.289501 -1.828 1.49111 0.178304 -0.00731363 0.165594 -0.969914
1548339354.16101 0.286608 -1.82696 1.49184 0.178785 -0.00709746 0.169995 -0.969065
1548339354.19410 0.28369 -1.8252 1.49158 0.180012 -0.00892714 0.174456 -0.96803
1548339354.22720 0.280737 -1.82405 1.49098 0.174345 -0.0101201 0.17611 -0.968755
1548339354.26076 0.278519 -1.8222 1.48933 0.173473 -0.0100101 0.180234 -0.968154
1548339354.29381 0.276128 -1.82135 1.48779 0.173299 -0.0129148 0.185892 -0.967081
1548339354.32735 0.274123 -1.81956 1.48554 0.174214 -0.0166314 0.19127 -0.96581
1548339354.36070 0.272302 -1.81812 1.48359 0.170035 -0.0189889 0.195035 -0.965758
1548339354.39413 0.27058 -1.81614 1.48135 0.166675 -0.0179009 0.201302 -0.965079
1548339354.42747 0.268271 -1.81396 1.47932 0.165609 -0.0192144 0.202126 -0.965065
1548339354.46083 0.266493 -1.81054 1.47609 0.170727 -0.0220282 0.206174 -0.963255
1548339354.49387 0.264513 -1.8067 1.47308 0.171583 -0.0225423 0.212365 -0.961744
1548339354.52747 0.262502 -1.80241 1.46971 0.173374 -0.0237053 0.214372 -0.96095
1548339354.56041 0.260916 -1.79783 1.46564 0.175898 -0.0255513 0.21778 -0.959676
1548339354.59405 0.259454 -1.79389 1.46138 0.17608 -0.0255293 0.220137 -0.959106
1548339354.62778 0.258568 -1.79047 1.45644 0.175942 -0.027072 0.223326 -0.958351
1548339354.66090 0.258085 -1.78753 1.45124 0.177321 -0.0313489 0.225465 -0.957465
1548339354.69406 0.257032 -1.78508 1.44646 0.174921 -0.0321957 0.226395 -0.957659
1548339354.72759 0.25605 -1.78259 1.44146 0.17642 -0.036111 0.228931 -0.956641
1548339354.76055 0.254456 -1.78075 1.43719 0.171117 -0.0351336 0.232664 -0.95674
1548339354.79399 0.25256 -1.77824 1.43238 0.17262 -0.0379603 0.233768 -0.956093
1548339354.82756 0.249581 -1.77613 1.42794 0.170095 -0.0356928 0.238657 -0.955425
1548339354.86091 0.246475 -1.77291 1.4229 0.170908 -0.0346948 0.239168 -0.955189
1548339354.89434 0.243098 -1.76961 1.41737 0.171555 -0.0330872 0.244022 -0.953901
1548339354.92758 0.239785 -1.76592 1.41141 0.17313 -0.0318722 0.247986 -0.952635
1548339354.96072 0.236732 -1.76206 1.40547 0.172477 -0.0302669 0.248805 -0.952592
1548339354.99393 0.234039 -1.75848 1.39896 0.173487 -0.0311056 0.255362 -0.950645
1548339355.02750 0.231755 -1.75521 1.39243 0.175995 -0.0340604 0.255882 -0.949942
1548339355.06063 0.229548 -1.75282 1.38606 0.17228 -0.0330026 0.257981 -0.950093
1548339355.09400 0.227894 -1.75074 1.3796 0.173732 -0.0382762 0.261346 -0.94871
1548339355.12731 0.226175 -1.74938 1.3735 0.168032 -0.0398966 0.264838 -0.948701
1548339355.16066 0.224663 -1.74813 1.36766 0.166126 -0.0421703 0.262734 -0.949523
1548339355.19388 0.222978 -1.74738 1.36227 0.160854 -0.0468657 0.266888 -0.949053
1548339355.22735 0.220774 -1.74563 1.35711 0.159729 -0.0522781 0.267071 -0.948908
1548339355.26076 0.217812 -1.74367 1.35256 0.157835 -0.0503437 0.268453 -0.94894
1548339355.29375 0.213972 -1.73885 1.3481 0.146475 -0.035773 0.286091 -0.946265
1548339355.32716 0.210697 -1.73712 1.34547 0.159838 -0.0513024 0.271487 -0.947689
1548339355.36067 0.206403 -1.73323 1.34089 0.146178 -0.0684592 0.267465 -0.949952
1548339355.39418 0.201939 -1.7297 1.33834 0.149538 -0.0669525 0.268747 -0.949174
1548339355.42765 0.196896 -1.72648 1.33712 0.161982 -0.0488438 0.277414 -0.945736
1548339355.46110 0.191654 -1.723 1.33329 0.149439 -0.0651202 0.26998 -0.948967
1548339355.49407 0.185771 -1.71946 1.33105 0.150079 -0.069871 0.269553 -0.948649
1548339355.52747 0.179011 -1.71654 1.32999 0.152818 -0.0675558 0.272054 -0.947665
1548339355.56078 0.172523 -1.71151 1.32802 0.151459 -0.0728244 0.27036 -0.947978
1548339355.59426 0.165499 -1.70582 1.32898 0.179446 -0.0392723 0.289764 -0.939305
1548339355.62777 0.158814 -1.70037 1.32814 0.183027 -0.0375452 0.290156 -0.938563
1548339355.66091 0.151774 -1.69456 1.32718 0.182739 -0.0372067 0.292352 -0.937951
1548339355.69432 0.144839 -1.68936 1.32656 0.186354 -0.0378057 0.292231 -0.937253
1548339355.72766 0.137997 -1.68401 1.32607 0.186315 -0.0367566 0.292504 -0.937218
1548339355.76100 0.131293 -1.67924 1.3256 0.185712 -0.036744 0.291137 -0.937763
1548339355.79384 0.124549 -1.67478 1.32489 0.184761 -0.0378733 0.290218 -0.938191
1548339355.82715 0.117523 -1.67036 1.32407 0.181732 -0.0360428 0.291224 -0.938543
1548339355.86044 0.110571 -1.66584 1.32321 0.181245 -0.0369231 0.290034 -0.938971
1548339355.89388 0.103199 -1.66069 1.32224 0.176384 -0.0327932 0.293146 -0.939084
1548339355.92740 0.0961488 -1.65528 1.32117 0.175642 -0.031266 0.290486 -0.940101
1548339355.96053 0.0892868 -1.64958 1.32 0.174849 -0.0291734 0.291112 -0.940123
1548339355.99396 0.0829494 -1.64377 1.3186 0.175204 -0.0284805 0.289303 -0.940636
1548339356.02744 0.0771015 -1.63771 1.3172 0.17521 -0.0275186 0.288519 -0.940904
1548339356.06080 0.0716755 -1.63138 1.31607 0.174766 -0.0276538 0.287231 -0.941377
1548339356.09415 0.0671404 -1.62505 1.31513 0.178796 -0.0320461 0.281307 -0.942269
1548339356.12725 0.0626478 -1.61814 1.31416 0.175552 -0.0287293 0.283098 -0.94245
1548339356.16053 0.0584632 -1.61132 1.31348 0.173727 -0.0304099 0.283409 -0.942642
1548339356.19419 0.0549535 -1.60451 1.31309 0.177331 -0.0329046 0.278653 -0.943305
1548339356.22739 0.0513924 -1.59725 1.31281 0.172944 -0.0285248 0.279144 -0.944116
1548339356.26089 0.0481966 -1.59005 1.31232 0.174632 -0.0291353 0.277458 -0.944284
1548339356.29410 0.0450552 -1.58323 1.31234 0.173226 -0.0273053 0.278397 -0.944321
1548339356.32741 0.0418434 -1.57651 1.31228 0.171306 -0.0252633 0.279735 -0.944333
1548339356.36063 0.0391673 -1.57026 1.31237 0.172106 -0.025462 0.27916 -0.944352
1548339356.39421 0.0366694 -1.56389 1.31268 0.171512 -0.0253951 0.28113 -0.943878
1548339356.42764 0.0345597 -1.5577 1.31308 0.171246 -0.0248689 0.28323 -0.943312
1548339356.46102 0.0334939 -1.55158 1.31327 0.171882 -0.0250541 0.285001 -0.942658
1548339356.49424 0.0330537 -1.54507 1.31323 0.17214 -0.0244094 0.286852 -0.942066
1548339356.52763 0.0333965 -1.53851 1.31292 0.172899 -0.0236709 0.28707 -0.941879
1548339356.56071 0.034223 -1.53153 1.31253 0.174222 -0.0228091 0.288284 -0.941286
1548339356.59404 0.0355236 -1.52434 1.31209 0.175079 -0.0222519 0.289074 -0.940898
1548339356.62745 0.0371563 -1.51675 1.31162 0.177618 -0.0233197 0.289574 -0.940242
1548339356.66035 0.0388606 -1.50901 1.31122 0.17798 -0.0229962 0.292441 -0.939294
1548339356.69387 0.0406801 -1.5011 1.31079 0.18009 -0.025195 0.291493 -0.93913
1548339356.72725 0.0419507 -1.493 1.31076 0.180666 -0.0270588 0.294477 -0.938035
1548339356.76054 0.0427858 -1.48501 1.31165 0.178972 -0.0264984 0.296763 -0.937656
1548339356.79405 0.043414 -1.47688 1.31213 0.18131 -0.0297162 0.297136 -0.936992
1548339356.82718 0.0434637 -1.46947 1.31284 0.180801 -0.0308797 0.29966 -0.936249
1548339356.86073 0.0431968 -1.46242 1.31339 0.180025 -0.0328357 0.302836 -0.935309
1548339356.89393 0.042708 -1.45534 1.31355 0.180506 -0.0345329 0.304312 -0.934676
1548339356.92721 0.0415222 -1.44834 1.31351 0.182113 -0.035573 0.306496 -0.933611
1548339356.96069 0.0395939 -1.44132 1.31343 0.182582 -0.0358224 0.309506 -0.932516
1548339356.99412 0.0373344 -1.43451 1.31347 0.183583 -0.0359377 0.309654 -0.932266
1548339357.02758 0.0344501 -1.42823 1.31363 0.184015 -0.0359715 0.310942 -0.931751
1548339357.06096 0.0311786 -1.42295 1.31396 0.182704 -0.0367704 0.313225 -0.931213
1548339357.09426 0.0277055 -1.41848 1.31463 0.181091 -0.0379768 0.315138 -0.930834
1548339357.12749 0.0239802 -1.41451 1.31549 0.180271 -0.0380279 0.315059 -0.931018
1548339357.16090 0.0199664 -1.41109 1.31601 0.180382 -0.0386641 0.316563 -0.93046
1548339357.19412 0.0154698 -1.40747 1.31641 0.179524 -0.0380698 0.317746 -0.930247
1548339357.22743 0.0107773 -1.40386 1.31712 0.180497 -0.0370461 0.315155 -0.930981
1548339357.26097 0.00594299 -1.40057 1.3181 0.181799 -0.0362635 0.313729 -0.93124
1548339357.29424 0.000989543 -1.39757 1.31923 0.183598 -0.0364286 0.31382 -0.93085
1548339357.32730 -0.00397676 -1.39496 1.32079 0.1849 -0.0355426 0.308492 -0.932406
1548339357.36098 -0.00915074 -1.39267 1.32256 0.186307 -0.0356586 0.305255 -0.933187
1548339357.39399 -0.0146031 -1.39082 1.32427 0.187828 -0.0361098 0.303736 -0.93336
1548339357.42737 -0.0209113 -1.38903 1.32587 0.189412 -0.0359879 0.30052 -0.934085
1548339357.46073 -0.0284601 -1.38722 1.32736 0.191438 -0.0353236 0.29698 -0.93483
1548339357.49378 -0.0373853 -1.3853 1.32851 0.193167 -0.0334699 0.298254 -0.934136
1548339357.52726 -0.0466565 -1.38291 1.32964 0.195672 -0.0326429 0.296138 -0.934318
1548339357.56057 -0.0568926 -1.38122 1.33146 0.195411 -0.03022 0.295965 -0.934508
1548339357.59395 -0.0672768 -1.37965 1.33378 0.196401 -0.0290073 0.29392 -0.934985
1548339357.62754 -0.0776795 -1.37872 1.33679 0.196616 -0.0278569 0.291854 -0.935621
1548339357.66063 -0.0882467 -1.37854 1.34041 0.197451 -0.0278461 0.290144 -0.935978
1548339357.69406 -0.098914 -1.37906 1.34416 0.197432 -0.0273592 0.289059 -0.936332
1548339357.72721 -0.109169 -1.38051 1.3481 0.195997 -0.0260455 0.287563 -0.937131
1548339357.76072 -0.119366 -1.38197 1.3522 0.197432 -0.0265331 0.285605 -0.937415
1548339357.79411 -0.129899 -1.3834 1.35674 0.197345 -0.0260955 0.281354 -0.93873
1548339357.82751 -0.140249 -1.38496 1.36114 0.197974 -0.0266578 0.277491 -0.939731
1548339357.86068 -0.150773 -1.38694 1.36582 0.197219 -0.0266546 0.274943 -0.940639
1548339357.89407 -0.16116 -1.38844 1.36997 0.199618 -0.0278522 0.273973 -0.940381
1548339357.92741 -0.171788 -1.38991 1.37452 0.195368 -0.0237475 0.272211 -0.941896
1548339357.96071 -0.181715 -1.3911 1.37866 0.199149 -0.0249011 0.268014 -0.942278
1548339357.99419 -0.191674 -1.3918 1.38234 0.200046 -0.0259414 0.267669 -0.942158
1548339358.02762 -0.201021 -1.39258 1.38601 0.197217 -0.023187 0.268424 -0.942612
1548339358.06071 -0.209492 -1.39283 1.38923 0.199681 -0.0238466 0.26328 -0.943527
1548339358.09413 -0.217292 -1.39346 1.39264 0.205156 -0.0286775 0.254961 -0.944502
1548339358.12740 -0.224882 -1.39363 1.39537 0.198755 -0.0243241 0.258299 -0.945085
1548339358.16101 -0.232012 -1.39368 1.39812 0.198031 -0.0246765 0.255241 -0.946059
1548339358.19383 -0.23846 -1.394 1.40058 0.199245 -0.0245565 0.252579 -0.946521
1548339358.22723 -0.244528 -1.39484 1.40284 0.200676 -0.0280827 0.249878 -0.946838
1548339358.26071 -0.250065 -1.39545 1.40425 0.199968 -0.0287954 0.246521 -0.947846
1548339358.29395 -0.255068 -1.39646 1.40486 0.197621 -0.025908 0.241425 -0.949731
1548339358.32740 -0.259726 -1.39815 1.40447 0.197042 -0.0303857 0.242138 -0.949537
1548339358.36059 -0.263479 -1.40017 1.40348 0.19482 -0.0295099 0.240495 -0.95044
1548339358.39397 -0.266898 -1.40199 1.40186 0.194564 -0.0303683 0.234506 -0.951961
1548339358.42719 -0.270334 -1.40429 1.39993 0.192085 -0.0301732 0.237013 -0.95185
1548339358.46057 -0.272842 -1.40696 1.39757 0.192742 -0.0322915 0.233384 -0.952544
1548339358.49399 -0.274835 -1.41023 1.39506 0.191393 -0.0331623 0.228405 -0.953992
1548339358.52734 -0.277039 -1.41413 1.39234 0.182657 -0.0299518 0.230511 -0.955303
1548339358.56063 -0.277991 -1.41824 1.38941 0.184538 -0.0333576 0.230151 -0.954915
1548339358.59422 -0.27989 -1.42238 1.38691 0.181379 -0.0335489 0.226926 -0.956285
1548339358.62735 -0.281468 -1.42538 1.38372 0.181251 -0.0314767 0.235285 -0.954357
1548339358.66090 -0.28281 -1.42921 1.38087 0.182468 -0.0331972 0.231579 -0.954974
1548339358.69423 -0.28397 -1.4335 1.37783 0.180852 -0.0328993 0.228994 -0.955914
1548339358.72764 -0.284611 -1.43838 1.37486 0.180518 -0.0344309 0.226599 -0.956494
1548339358.76101 -0.284558 -1.44337 1.37154 0.179623 -0.0367496 0.224801 -0.957
1548339358.79428 -0.28434 -1.44835 1.3684 0.180951 -0.0406462 0.21949 -0.957825
1548339358.82772 -0.284175 -1.45344 1.36534 0.178354 -0.0424335 0.221726 -0.95772
1548339358.86087 -0.283792 -1.45874 1.36278 0.178685 -0.0466161 0.219053 -0.958079
1548339358.89422 -0.283936 -1.46378 1.3608 0.177329 -0.0484432 0.217755 -0.958535
1548339358.92754 -0.284569 -1.46907 1.35884 0.176459 -0.0497665 0.220927 -0.957902
1548339358.96093 -0.285414 -1.47426 1.35703 0.177715 -0.0528553 0.220232 -0.957665
1548339358.99417 -0.287211 -1.48 1.35613 0.175854 -0.0516375 0.223654 -0.957281
1548339359.02732 -0.289361 -1.48514 1.35572 0.173548 -0.0517939 0.225803 -0.95719
1548339359.06071 -0.291446 -1.48985 1.35616 0.175491 -0.0490681 0.226032 -0.956925
1548339359.09391 -0.293624 -1.49487 1.35694 0.177666 -0.0473257 0.225411 -0.956758
1548339359.12741 -0.296127 -1.49982 1.35816 0.175088 -0.045644 0.226595 -0.957035
1548339359.16084 -0.29824 -1.50555 1.36034 0.175562 -0.0423156 0.228469 -0.956655
1548339359.19402 -0.300346 -1.51149 1.36253 0.173666 -0.0431955 0.231528 -0.956226
1548339359.22719 -0.302253 -1.51739 1.36524 0.176583 -0.0416126 0.232478 -0.955532
1548339359.26079 -0.303991 -1.52312 1.36795 0.175654 -0.041106 0.233016 -0.955594
1548339359.29403 -0.305962 -1.52826 1.37078 0.17668 -0.0396028 0.23249 -0.955596
1548339359.32707 -0.307926 -1.53357 1.37388 0.180801 -0.0408814 0.22789 -0.95588
1548339359.36068 -0.310535 -1.53878 1.3767 0.178025 -0.0369284 0.231332 -0.955735
1548339359.39425 -0.313468 -1.54411 1.37948 0.17811 -0.0368815 0.231462 -0.955689
1548339359.42725 -0.316994 -1.55002 1.38271 0.180746 -0.0330119 0.232544 -0.955073
1548339359.46089 -0.321164 -1.55611 1.38572 0.181709 -0.0304454 0.236209 -0.954076
1548339359.49417 -0.325723 -1.56233 1.38855 0.182878 -0.0296879 0.236222 -0.953873
1548339359.52756 -0.331006 -1.56921 1.39159 0.183705 -0.027439 0.238421 -0.953234
1548339359.56082 -0.336612 -1.5772 1.39499 0.181074 -0.0213709 0.245038 -0.952214
1548339359.59396 -0.342453 -1.58512 1.39851 0.184819 -0.0206925 0.244618 -0.951618
1548339359.62742 -0.348736 -1.59306 1.40189 0.185537 -0.0198735 0.243426 -0.951801
1548339359.66094 -0.355425 -1.60171 1.40569 0.185572 -0.0175988 0.243843 -0.951732
1548339359.69421 -0.362064 -1.6109 1.4098 0.187768 -0.0138782 0.243842 -0.951363
1548339359.72752 -0.368672 -1.61999 1.41397 0.186124 -0.0114569 0.238595 -0.953047
1548339359.76086 -0.374837 -1.62959 1.41802 0.185008 -0.00998624 0.235835 -0.953968
1548339359.79402 -0.380536 -1.6398 1.42166 0.186503 -0.00953718 0.23294 -0.954392
1548339359.82714 -0.385955 -1.65004 1.42503 0.187976 -0.00972 0.230072 -0.954797
1548339359.86084 -0.391221 -1.66066 1.42848 0.186207 -0.00869807 0.226585 -0.955987
1548339359.89401 -0.396474 -1.67081 1.43114 0.189614 -0.00733352 0.224261 -0.955876
1548339359.92743 -0.401651 -1.6806 1.43365 0.193468 -0.00980362 0.217251 -0.956701
1548339359.96067 -0.407235 -1.6898 1.4359 0.191735 -0.00342298 0.216728 -0.957212
1548339359.99397 -0.412527 -1.69907 1.43809 0.194904 -0.0039539 0.213412 -0.957315
1548339360.02737 -0.417843 -1.70778 1.43992 0.198011 -0.00516099 0.208722 -0.957706
1548339360.06067 -0.422635 -1.71655 1.44139 0.198869 -0.00316455 0.20283 -0.958802
1548339360.09392 -0.427608 -1.72468 1.44199 0.201126 -0.00236138 0.202549 -0.958393
1548339360.12725 -0.432088 -1.7327 1.4423 0.201173 -0.00347551 0.199025 -0.959118
1548339360.16074 -0.436314 -1.74037 1.44238 0.20223 -0.00297797 0.194403 -0.959845
1548339360.19417 -0.440219 -1.74776 1.44209 0.202639 -0.00374136 0.191014 -0.960436
1548339360.22759 -0.443477 -1.75528 1.4415 0.202984 -0.00511754 0.1855 -0.961437
1548339360.26091 -0.446146 -1.76273 1.44027 0.204309 -0.00629619 0.177151 -0.962723
1548339360.29418 -0.4484 -1.77026 1.43847 0.202365 -0.0069191 0.174107 -0.963684
1548339360.32757 -0.450214 -1.77783 1.43587 0.201549 -0.00823423 0.168998 -0.964754
1548339360.36097 -0.451499 -1.78612 1.4333 0.191732 -0.00829177 0.164267 -0.967567
1548339360.39410 -0.453451 -1.79234 1.42906 0.196738 -0.00806122 0.161547 -0.967022
1548339360.42765 -0.455223 -1.79954 1.42475 0.196674 -0.00890789 0.159838 -0.967312
1548339360.46069 -0.457 -1.80672 1.42028 0.193 -0.0064512 0.158207 -0.968339
1548339360.49413 -0.45838 -1.81407 1.41591 0.19198 -0.00446388 0.15527 -0.969028
1548339360.52766 -0.459358 -1.82168 1.41127 0.188812 -0.00273558 0.155994 -0.96954
1548339360.56055 -0.459406 -1.82989 1.40677 0.186635 -0.00204485 0.156754 -0.969841
1548339360.59381 -0.458976 -1.83809 1.40238 0.182636 -0.00127596 0.156104 -0.970708
1548339360.62744 -0.458128 -1.84664 1.39804 0.179008 -0.00147445 0.155912 -0.971414
1548339360.66063 -0.456822 -1.8553 1.39395 0.177054 -0.00284301 0.157342 -0.971539
1548339360.69379 -0.455527 -1.86384 1.39017 0.174992 -0.00272944 0.15793 -0.971817
1548339360.72740 -0.45413 -1.87243 1.38672 0.173992 -0.00411044 0.158241 -0.971941
1548339360.76062 -0.452426 -1.88175 1.38442 0.164829 -0.00397612 0.16191 -0.972934
1548339360.79403 -0.450858 -1.88891 1.38091 0.175641 -0.00569333 0.160957 -0.97119
1548339360.82741 -0.449016 -1.89711 1.37872 0.177656 -0.00726975 0.164668 -0.970191
1548339360.86089 -0.446741 -1.90507 1.37705 0.179151 -0.00874197 0.1691 -0.969141
1548339360.89381 -0.443914 -1.9126 1.37577 0.180676 -0.00967118 0.169846 -0.968718
1548339360.92738 -0.440722 -1.9206 1.37481 0.183716 -0.0121385 0.170624 -0.967982
1548339360.96053 -0.437814 -1.92817 1.37441 0.184482 -0.0138551 0.175108 -0.967012
1548339360.99413 -0.435042 -1.93555 1.37473 0.186112 -0.0149258 0.17939 -0.965898
1548339361.02752 -0.432486 -1.94273 1.37543 0.188507 -0.013958 0.184622 -0.964461
1548339361.06086 -0.43008 -1.94978 1.37626 0.189462 -0.0163649 0.189384 -0.963312
1548339361.09425 -0.428329 -1.9566 1.37756 0.188519 -0.0173103 0.195889 -0.962179
1548339361.12750 -0.42711 -1.96351 1.37937 0.187617 -0.0171844 0.201296 -0.961241
1548339361.16092 -0.426458 -1.97049 1.3815 0.1878 -0.0166078 0.207577 -0.959879
1548339361.19405 -0.426215 -1.97803 1.38437 0.188712 -0.0129991 0.21702 -0.957664
1548339361.22742 -0.426725 -1.98528 1.38747 0.185348 -0.0114065 0.225529 -0.956375
1548339361.26086 -0.427907 -1.99141 1.39044 0.182924 -0.0125701 0.232866 -0.955068
1548339361.29408 -0.429398 -1.9975 1.39424 0.186751 -0.00808257 0.241354 -0.952264
1548339361.32766 -0.431717 -2.00248 1.39791 0.187565 -0.00613427 0.24804 -0.950399
1548339361.36087 -0.433876 -2.00731 1.4018 0.190665 -0.00744763 0.253668 -0.948285
1548339361.39398 -0.436961 -2.01195 1.40595 0.192091 -0.00711655 0.261757 -0.945798
1548339361.42724 -0.440244 -2.0167 1.40998 0.19465 -0.00854195 0.271315 -0.942564
1548339361.46068 -0.443766 -2.02125 1.41382 0.195151 -0.0090235 0.279338 -0.940109
1548339361.49396 -0.447963 -2.02554 1.41745 0.197015 -0.00964715 0.283666 -0.938417
1548339361.52737 -0.452642 -2.02998 1.42088 0.198713 -0.0118823 0.288132 -0.93667
1548339361.56060 -0.457789 -2.03441 1.42433 0.198428 -0.012208 0.292585 -0.935346
1548339361.59394 -0.463354 -2.03901 1.42786 0.198584 -0.0120304 0.296622 -0.934042
1548339361.62735 -0.469152 -2.0439 1.43117 0.198128 -0.0135347 0.301326 -0.932612
1548339361.66063 -0.475582 -2.04881 1.4344 0.197763 -0.0138696 0.305467 -0.931336
1548339361.69384 -0.482215 -2.05389 1.43729 0.197131 -0.0129825 0.306951 -0.930995
1548339361.72718 -0.48906 -2.05932 1.43989 0.195584 -0.012324 0.310297 -0.930221
1548339361.76074 -0.496369 -2.06506 1.44247 0.194771 -0.0151558 0.315971 -0.928438
1548339361.79424 -0.503885 -2.07122 1.44533 0.190611 -0.0177887 0.316269 -0.929153
1548339361.82761 -0.512585 -2.07505 1.44724 0.193918 -0.0138387 0.31947 -0.927439
1548339361.86073 -0.521607 -2.08019 1.44953 0.193277 -0.0133737 0.321363 -0.926926
1548339361.89424 -0.530271 -2.0861 1.45167 0.190446 -0.0156148 0.31977 -0.928027
1548339361.92766 -0.539511 -2.09043 1.45274 0.192734 -0.0143614 0.321187 -0.927085
1548339361.96076 -0.548517 -2.09548 1.45403 0.192833 -0.0158929 0.319855 -0.9275
1548339361.99399 -0.557432 -2.10017 1.45535 0.195314 -0.0113048 0.321672 -0.926419
1548339362.02740 -0.566255 -2.10515 1.45503 0.193594 -0.0163526 0.321395 -0.926801
1548339362.06076 -0.574889 -2.11034 1.45465 0.191075 -0.0192167 0.320031 -0.92774
1548339362.09431 -0.583691 -2.11478 1.45333 0.191358 -0.020015 0.316228 -0.928968
1548339362.12752 -0.59245 -2.11789 1.45092 0.194166 -0.016714 0.317787 -0.927918
1548339362.16077 -0.600245 -2.12174 1.44848 0.195048 -0.0176631 0.313259 -0.929254
1548339362.19364 -0.607443 -2.12522 1.44583 0.194476 -0.0174279 0.306748 -0.931548
1548339362.22717 -0.613715 -2.12864 1.44301 0.193882 -0.0183942 0.298334 -0.934381
1548339362.26045 -0.619063 -2.13208 1.43997 0.192862 -0.0179865 0.290285 -0.937131
1548339362.29382 -0.624056 -2.13552 1.43679 0.191351 -0.0199011 0.28751 -0.938257
1548339362.32754 -0.62871 -2.13866 1.43362 0.190811 -0.0223185 0.285574 -0.938904
1548339362.36067 -0.633029 -2.14143 1.43041 0.190645 -0.0225824 0.277313 -0.941404
1548339362.39386 -0.636956 -2.14433 1.42678 0.190526 -0.0235933 0.273257 -0.942589
1548339362.42720 -0.640336 -2.14726 1.42291 0.188479 -0.0251148 0.273045 -0.943023
1548339362.46069 -0.643148 -2.14988 1.41896 0.188522 -0.0266549 0.269295 -0.944049
1548339362.49386 -0.64586 -2.15213 1.41533 0.185893 -0.0267436 0.266917 -0.945243
1548339362.52724 -0.647861 -2.15437 1.41153 0.186481 -0.0275407 0.265198 -0.945588
1548339362.56068 -0.649607 -2.15685 1.4079 0.185228 -0.0280426 0.263573 -0.946273
1548339362.59420 -0.650766 -2.15938 1.40432 0.18483 -0.0291745 0.261563 -0.946874
1548339362.62751 -0.651553 -2.16211 1.40115 0.182541 -0.0295639 0.260446 -0.947614
1548339362.66088 -0.651879 -2.16494 1.39789 0.181582 -0.0301893 0.259657 -0.947995
1548339362.69406 -0.651792 -2.16779 1.39488 0.178487 -0.0304055 0.255743 -0.949639
1548339362.72727 -0.651302 -2.17076 1.39168 0.178616 -0.0319777 0.254318 -0.949945
1548339362.76080 -0.650577 -2.17364 1.38838 0.176736 -0.0322619 0.252968 -0.950647
1548339362.79422 -0.649272 -2.17628 1.38514 0.176676 -0.0330127 0.249715 -0.951492
1548339362.82742 -0.647729 -2.17899 1.38235 0.173827 -0.0333006 0.246999 -0.952716
1548339362.86053 -0.645546 -2.18176 1.37967 0.174593 -0.0333595 0.243956 -0.953357
1548339362.89423 -0.643011 -2.18483 1.3773 0.173181 -0.0337836 0.238342 -0.955018
1548339362.92744 -0.640325 -2.18785 1.37462 0.171455 -0.0368395 0.236904 -0.955575
1548339362.96078 -0.637094 -2.19165 1.37248 0.174106 -0.0354408 0.234842 -0.955657
1548339362.99373 -0.633909 -2.19513 1.37027 0.172771 -0.0361687 0.231156 -0.95677
1548339363.02744 -0.630667 -2.19808 1.36812 0.173299 -0.0361316 0.230478 -0.95684
1548339363.06052 -0.627585 -2.20055 1.36614 0.171555 -0.037691 0.226828 -0.957965
1548339363.09386 -0.623995 -2.20314 1.36456 0.175654 -0.0341682 0.225839 -0.957588
1548339363.12715 -0.620129 -2.20543 1.36306 0.178783 -0.0335191 0.222002 -0.957929
1548339363.16069 -0.615986 -2.20811 1.36213 0.178781 -0.0325122 0.218589 -0.958749
1548339363.19409 -0.612038 -2.21072 1.3616 0.173911 -0.0340147 0.21432 -0.960555
1548339363.22719 -0.607472 -2.21325 1.3611 0.177666 -0.0332831 0.212063 -0.960394
1548339363.26049 -0.602372 -2.21623 1.36119 0.179358 -0.0297939 0.209168 -0.960829
1548339363.29361 -0.597217 -2.21899 1.36146 0.180449 -0.0292248 0.204841 -0.961574
1548339363.32719 -0.592164 -2.22146 1.36194 0.179855 -0.0287028 0.201536 -0.962399
1548339363.36066 -0.586929 -2.22397 1.36263 0.179411 -0.0283212 0.199604 -0.962896
1548339363.39419 -0.581656 -2.22653 1.36354 0.179127 -0.0281861 0.196899 -0.963509
1548339363.42752 -0.576308 -2.22898 1.36459 0.178099 -0.0282886 0.194842 -0.964115
1548339363.46083 -0.570996 -2.23133 1.36578 0.177228 -0.0265794 0.191683 -0.964957
1548339363.49408 -0.565659 -2.234 1.36699 0.176657 -0.0262173 0.187131 -0.965964
1548339363.52742 -0.560525 -2.2369 1.36826 0.177493 -0.0227476 0.184739 -0.966359
1548339363.56081 -0.555935 -2.23962 1.36937 0.178002 -0.0210017 0.182574 -0.966717
1548339363.59424 -0.552017 -2.24193 1.3703 0.176629 -0.0170263 0.181861 -0.967181
1548339363.62743 -0.548471 -2.24396 1.37132 0.177316 -0.0133967 0.178053 -0.967821
1548339363.66092 -0.545149 -2.24603 1.37249 0.176445 -0.00916825 0.17486 -0.968611
1548339363.69395 -0.541723 -2.24844 1.37376 0.174435 -0.00694668 0.171789 -0.969543
1548339363.72750 -0.537921 -2.25204 1.37589 0.164372 -0.00474092 0.169354 -0.97174
1548339363.76086 -0.53408 -2.25503 1.37701 0.164047 -0.00300187 0.164413 -0.97265
1548339363.79371 -0.529962 -2.25831 1.37809 0.162931 -0.00138746 0.161039 -0.973405
1548339363.82730 -0.525525 -2.26186 1.37922 0.162052 -0.00102557 0.155706 -0.97442
1548339363.86067 -0.521028 -2.26536 1.38016 0.163738 0.000404053 0.148291 -0.975295
1548339363.89402 -0.516932 -2.26801 1.38077 0.168565 0.00125282 0.139701 -0.97574
1548339363.92705 -0.512806 -2.2712 1.38211 0.168853 0.00308338 0.133182 -0.976597
1548339363.96067 -0.509008 -2.27432 1.38366 0.170708 0.00665183 0.126914 -0.977091
1548339363.99392 -0.505413 -2.27724 1.3855 0.171676 0.00922747 0.120045 -0.977769
1548339364.02734 -0.502052 -2.27974 1.38752 0.17457 0.0105147 0.113242 -0.978055
1548339364.06074 -0.498965 -2.28213 1.39016 0.176062 0.0125488 0.106269 -0.978546
1548339364.09383 -0.49587 -2.28519 1.3938 0.166396 0.0181382 0.102798 -0.980518
1548339364.12721 -0.492055 -2.28828 1.39708 0.172947 0.0160198 0.0942074 -0.980284
1548339364.16066 -0.488701 -2.29073 1.40027 0.1758 0.0200191 0.0889963 -0.98019
1548339364.19419 -0.4849 -2.2939 1.40415 0.172386 0.0218602 0.0809278 -0.981456
1548339364.22771 -0.48143 -2.29641 1.40735 0.176749 0.0214244 0.0754991 -0.981122
1548339364.26089 -0.478567 -2.29872 1.41075 0.175753 0.0240647 0.0705292 -0.98161
1548339364.29389 -0.476275 -2.30008 1.4138 0.180467 0.0259098 0.0626541 -0.981242
1548339364.32744 -0.474575 -2.30079 1.41663 0.184736 0.0283161 0.0553923 -0.980817
1548339364.36087 -0.473292 -2.3017 1.41968 0.184339 0.0338888 0.0511951 -0.980943
1548339364.39404 -0.471901 -2.30212 1.4225 0.184169 0.038052 0.0455628 -0.9811
1548339364.42743 -0.470422 -2.30247 1.42527 0.1866 0.0407278 0.0387074 -0.980828
1548339364.46110 -0.468762 -2.30295 1.42749 0.186814 0.0425411 0.032519 -0.980935
1548339364.49419 -0.466636 -2.30353 1.42905 0.189198 0.0437231 0.0275906 -0.980577
1548339364.52762 -0.464824 -2.30364 1.43042 0.186895 0.04689 0.0214399 -0.981026
1548339364.56059 -0.462585 -2.30417 1.4316 0.184006 0.048828 0.0159631 -0.981582
1548339364.59402 -0.460738 -2.3042 1.43209 0.186162 0.0490072 0.0109341 -0.981235
1548339364.62752 -0.459223 -2.30429 1.43225 0.187342 0.049433 0.00653238 -0.981028
1548339364.66062 -0.457632 -2.30417 1.43143 0.186818 0.0505986 -0.000642852 -0.981091
1548339364.69403 -0.455877 -2.30446 1.43041 0.183813 0.0520359 -0.00475829 -0.981571
1548339364.72749 -0.453931 -2.30482 1.42897 0.184275 0.0506787 -0.00903167 -0.981526
1548339364.76052 -0.452253 -2.30442 1.42664 0.186621 0.0503143 -0.0185484 -0.980968
1548339364.79389 -0.450518 -2.30443 1.42469 0.182672 0.0512167 -0.0233492 -0.981561
1548339364.82742 -0.448599 -2.30413 1.4221 0.183358 0.0489024 -0.0306896 -0.981349
1548339364.86061 -0.446719 -2.30351 1.41921 0.18597 0.0468446 -0.0414983 -0.98056
1548339364.89389 -0.445286 -2.30317 1.4162 0.183696 0.0475452 -0.045889 -0.98076
1548339364.92704 -0.443796 -2.30327 1.41285 0.183222 0.0447156 -0.0511846 -0.980719
1548339364.96046 -0.442591 -2.3034 1.40932 0.183105 0.0435343 -0.057209 -0.980461
1548339364.99393 -0.441816 -2.30374 1.4059 0.181775 0.0429511 -0.0613951 -0.980481
1548339365.02776 -0.440799 -2.30428 1.40253 0.180271 0.0400436 -0.0637755 -0.98073
1548339365.06058 -0.439898 -2.30436 1.39884 0.180514 0.0404676 -0.0690591 -0.98031
1548339365.09414 -0.438738 -2.30475 1.39545 0.17728 0.0373365 -0.0753106 -0.980564
1548339365.12754 -0.43755 -2.30509 1.39186 0.176563 0.0376085 -0.0779506 -0.980477
1548339365.16090 -0.436025 -2.30532 1.38861 0.174389 0.034328 -0.0856268 -0.980346
1548339365.19384 -0.434851 -2.30541 1.38532 0.173472 0.0339854 -0.0903636 -0.980095
1548339365.22768 -0.433592 -2.30567 1.38215 0.17379 0.0333162 -0.0908662 -0.980016
1548339365.26069 -0.432206 -2.30568 1.37927 0.175327 0.031416 -0.0945124 -0.97946
1548339365.29419 -0.431336 -2.30545 1.37668 0.172983 0.0312111 -0.0992822 -0.979411
1548339365.32751 -0.430188 -2.30477 1.37377 0.173654 0.0309327 -0.100817 -0.979144
1548339365.36083 -0.429058 -2.30392 1.37085 0.173635 0.0305812 -0.104756 -0.978745
1548339365.39355 -0.428316 -2.30253 1.36782 0.176712 0.032367 -0.109876 -0.977575
1548339365.42712 -0.427434 -2.30125 1.36521 0.178492 0.0316926 -0.111714 -0.977065
1548339365.46084 -0.426341 -2.29968 1.36312 0.178688 0.0309529 -0.114432 -0.976738
1548339365.49391 -0.425258 -2.2978 1.36136 0.179325 0.0309706 -0.120619 -0.975876
1548339365.52755 -0.423864 -2.29624 1.35996 0.178386 0.0282036 -0.125623 -0.975501
1548339365.56044 -0.422373 -2.29493 1.35838 0.178608 0.0272728 -0.127368 -0.97526
1548339365.59372 -0.420796 -2.29356 1.35684 0.180459 0.0270186 -0.130038 -0.974574
1548339365.62734 -0.418806 -2.29281 1.35638 0.176014 0.0250217 -0.134126 -0.974886
1548339365.66074 -0.417195 -2.29154 1.35591 0.178752 0.0244499 -0.135666 -0.974189
1548339365.69400 -0.415335 -2.29051 1.35623 0.179061 0.0235609 -0.138719 -0.973724
1548339365.72742 -0.413716 -2.28969 1.35724 0.177603 0.0244435 -0.141009 -0.973641
1548339365.76077 -0.41245 -2.28876 1.35844 0.177958 0.0265149 -0.143296 -0.973188
1548339365.79426 -0.41132 -2.28831 1.36 0.177148 0.0289657 -0.144253 -0.973124
1548339365.82742 -0.41018 -2.28829 1.36204 0.173326 0.0306325 -0.146531 -0.973421
1548339365.86102 -0.409477 -2.28808 1.36354 0.176734 0.0342431 -0.147037 -0.972611
1548339365.89415 -0.408651 -2.28822 1.36528 0.177497 0.0393871 -0.146461 -0.972364
1548339365.92753 -0.407513 -2.28837 1.36733 0.176575 0.0412523 -0.149141 -0.972048
1548339365.96084 -0.406142 -2.28829 1.36914 0.177769 0.0441845 -0.150158 -0.971545
1548339365.99419 -0.404375 -2.28834 1.37137 0.17745 0.046005 -0.150752 -0.971426
1548339366.02752 -0.402278 -2.28804 1.3737 0.177021 0.0461329 -0.153928 -0.971
1548339366.06074 -0.400009 -2.28752 1.37581 0.177786 0.0471107 -0.156019 -0.97048
1548339366.09425 -0.397442 -2.28677 1.37766 0.17837 0.0476904 -0.1577 -0.970072
1548339366.12756 -0.394744 -2.28621 1.37959 0.176134 0.047608 -0.160442 -0.970035
1548339366.16059 -0.392489 -2.28501 1.38073 0.179849 0.0492902 -0.162738 -0.968887
1548339366.19400 -0.390008 -2.28443 1.38218 0.179465 0.0490845 -0.163378 -0.968861
1548339366.22714 -0.387807 -2.28354 1.38326 0.181777 0.0503158 -0.164202 -0.968227
1548339366.26056 -0.385794 -2.28243 1.38422 0.18331 0.0514526 -0.165925 -0.967584
1548339366.29394 -0.383565 -2.28159 1.3851 0.183833 0.0516696 -0.168082 -0.967101
1548339366.32727 -0.381454 -2.2807 1.386 0.18477 0.0516739 -0.169055 -0.966752
1548339366.36050 -0.379486 -2.27973 1.38687 0.181941 0.0534856 -0.170509 -0.966935
1548339366.39399 -0.377875 -2.27882 1.38767 0.183263 0.0545951 -0.172176 -0.966328
1548339366.42762 -0.376474 -2.27831 1.38838 0.183043 0.0549399 -0.173059 -0.966192
1548339366.46078 -0.375287 -2.27797 1.38893 0.18214 0.055459 -0.174143 -0.966138
1548339366.49376 -0.374168 -2.2776 1.38919 0.181323 0.0563338 -0.175958 -0.965913
1548339366.52760 -0.372931 -2.27742 1.38911 0.181647 0.0563538 -0.176474 -0.965756
1548339366.56075 -0.371742 -2.27787 1.38983 0.175054 0.0523533 -0.181136 -0.966336
1548339366.59411 -0.370227 -2.27698 1.38872 0.180601 0.0557742 -0.179606 -0.965409
1548339366.62732 -0.368966 -2.27669 1.38851 0.178571 0.0555806 -0.180403 -0.965649
1548339366.66089 -0.367365 -2.27646 1.38794 0.179068 0.0538046 -0.181228 -0.965503
1548339366.69415 -0.366044 -2.2761 1.38736 0.179079 0.0529347 -0.182438 -0.965321
1548339366.72752 -0.364988 -2.27548 1.38676 0.179222 0.0532509 -0.183857 -0.965008
1548339366.76086 -0.363976 -2.27477 1.38605 0.182772 0.0526722 -0.185363 -0.964085
1548339366.79410 -0.363178 -2.27493 1.38628 0.173539 0.0483727 -0.190336 -0.965047
1548339366.82773 -0.362266 -2.27396 1.38474 0.179555 0.0511443 -0.186176 -0.964615
1548339366.86106 -0.361687 -2.27351 1.38412 0.183079 0.0499824 -0.187425 -0.963772
1548339366.89415 -0.361017 -2.27289 1.38329 0.181897 0.0507351 -0.186589 -0.964118
1548339366.92757 -0.360567 -2.27255 1.3826 0.181742 0.0502759 -0.187441 -0.964006
1548339366.96068 -0.360202 -2.27227 1.38198 0.18089 0.0494355 -0.188467 -0.96401
1548339366.99387 -0.359959 -2.272 1.38132 0.180471 0.0489064 -0.18896 -0.964019
1548339367.02722 -0.359933 -2.27269 1.38154 0.173678 0.0442277 -0.193587 -0.964575
1548339367.06033 -0.359773 -2.2723 1.37979 0.179643 0.048232 -0.187985 -0.964398
1548339367.09393 -0.359842 -2.27272 1.37901 0.179179 0.0482998 -0.187494 -0.964577
1548339367.12732 -0.36005 -2.27334 1.37842 0.177888 0.0478979 -0.186768 -0.964976
1548339367.16060 -0.360226 -2.27417 1.37793 0.17644 0.0476822 -0.186144 -0.965373
1548339367.19407 -0.360312 -2.27502 1.37749 0.174247 0.0474438 -0.186874 -0.965643
1548339367.22746 -0.360366 -2.27575 1.377 0.173411 0.0472412 -0.186781 -0.965821
1548339367.26088 -0.360292 -2.2765 1.3766 0.172979 0.0469107 -0.186257 -0.966015
1548339367.29380 -0.360163 -2.27712 1.37636 0.17241 0.0466046 -0.185766 -0.966227
1548339367.32737 -0.360169 -2.27735 1.37622 0.172045 0.0461742 -0.186422 -0.966186
1548339367.36070 -0.360206 -2.27728 1.37609 0.171852 0.0458865 -0.186337 -0.96625
1548339367.39417 -0.360322 -2.27698 1.37597 0.1722 0.0454512 -0.186569 -0.966164
1548339367.42762 -0.360499 -2.27643 1.37586 0.172481 0.0452476 -0.187209 -0.966
1548339367.46101 -0.360656 -2.27568 1.3757 0.172966 0.0450906 -0.187985 -0.96577
1548339367.49425 -0.360669 -2.27494 1.37553 0.174034 0.0448498 -0.187481 -0.965687
1548339367.52723 -0.360798 -2.27407 1.37537 0.175316 0.0448337 -0.187564 -0.96544
1548339367.56076 -0.361037 -2.27325 1.3753 0.176775 0.0452627 -0.187744 -0.965119
1548339367.59409 -0.361271 -2.2727 1.3752 0.177814 0.0453512 -0.18735 -0.965
1548339367.62757 -0.361542 -2.27258 1.37504 0.178246 0.0452678 -0.18637 -0.965114
1548339367.66088 -0.361901 -2.27273 1.37479 0.178204 0.0454937 -0.186571 -0.965073
1548339367.69411 -0.362282 -2.27313 1.37454 0.177614 0.0456132 -0.186163 -0.965254
1548339367.72755 -0.362733 -2.2738 1.37427 0.177014 0.0457405 -0.185319 -0.965521
1548339367.76087 -0.363137 -2.27463 1.37384 0.176647 0.0456352 -0.18418 -0.965811
1548339367.79382 -0.363328 -2.27545 1.37332 0.175904 0.0451943 -0.183514 -0.966094
1548339367.82744 -0.363399 -2.27617 1.37272 0.173738 0.0444982 -0.183849 -0.966455
1548339367.86086 -0.363327 -2.27674 1.37196 0.172751 0.0435752 -0.183818 -0.96668
1548339367.89400 -0.363146 -2.27697 1.3712 0.172362 0.042983 -0.18319 -0.966895
1548339367.92723 -0.362897 -2.2769 1.37041 0.171663 0.0419949 -0.182853 -0.967126
1548339367.96068 -0.36269 -2.27649 1.36958 0.171819 0.040503 -0.182919 -0.96715
1548339367.99384 -0.362634 -2.27585 1.36893 0.17115 0.0394805 -0.183412 -0.967217
1548339368.02736 -0.362774 -2.27503 1.36843 0.171115 0.0395786 -0.18349 -0.967205
1548339368.06074 -0.363191 -2.27426 1.36809 0.169187 0.0404244 -0.183406 -0.967525
1548339368.09380 -0.36376 -2.27376 1.36773 0.168969 0.0424243 -0.183543 -0.967451
1548339368.12738 -0.364736 -2.27353 1.36781 0.169433 0.0411126 -0.182819 -0.967564
1548339368.16067 -0.365425 -2.27359 1.36768 0.169485 0.0416774 -0.181954 -0.967694
1548339368.19385 -0.365965 -2.27391 1.36759 0.168767 0.0420244 -0.181391 -0.96791
1548339368.22766 -0.366469 -2.27437 1.3675 0.168577 0.041635 -0.18016 -0.968189
1548339368.26068 -0.366978 -2.27473 1.36737 0.168412 0.0413305 -0.179205 -0.968408
1548339368.29401 -0.367366 -2.2749 1.36723 0.168442 0.0409331 -0.178385 -0.968572
1548339368.32749 -0.367657 -2.27499 1.36713 0.168235 0.040457 -0.178075 -0.968685
1548339368.36077 -0.367879 -2.27505 1.36707 0.168319 0.0397956 -0.177336 -0.968833
1548339368.39407 -0.36814 -2.27505 1.36699 0.168712 0.0391958 -0.176717 -0.968902
1548339368.42737 -0.368311 -2.27493 1.36688 0.169062 0.0386342 -0.17631 -0.968938
1548339368.46093 -0.368578 -2.27481 1.36684 0.169497 0.0382572 -0.17564 -0.968998
