#Stereo rect[ms], MP culling[ms], MP creation[ms], LBA[ms], KF culling[ms], Total[ms]
1.136931,0.039863,0.680215,0.003829,0.003829,1.864605
11.279513,0.182535,1.833457,0.001162,0.001162,13.298188
8.844118,0.199578,5.545696,0.191029,0.191029,25.614981
7.834667,0.208657,6.201836,0.290611,0.290611,26.637152
4.382062,0.156388,1534.621029,0.682437,0.682437,1560.986765
3.341933,0.293247,141.053175,0.656872,0.656872,166.670538
3.841909,0.323861,298.158456,0.701888,0.701888,334.588055
3.762286,0.751662,486.923338,1.074603,1.074603,653.473079
2.138114,0.541566,366.608199,1.032599,1.032599,405.595785
3.635694,0.640599,389.431432,1.305037,1.305037,434.372788
4.159735,1.089336,408.834408,0.957604,0.957604,453.207206
3.725757,0.665085,441.316135,1.409037,1.409037,497.771102
3.478429,1.793979,351.186189,1.909023,1.909023,395.873572
4.737510,1.062780,329.614356,1.400467,1.400467,374.741998
5.153262,0.553412,385.464984,2.307337,2.307337,438.047865
5.500040,1.238504,611.403504,1.612019,1.612019,872.400608
3.785326,0.822200,469.159053,1.993289,1.993289,886.811097
4.791213,2.230945,402.652848,1.228548,1.228548,462.892269
5.598799,1.791987,394.506632,1.563438,1.563438,448.028295
6.139083,1.107305,410.330504,2.123363,2.123363,480.130136
5.851811,3.209045,975.702865,1.800544,1.800544,1049.301348
5.614527,1.701984,752.338761,3.957406,3.957406,998.856985
5.283966,1.628236,989.102690,3.388745,3.388745,1074.885537
4.982527,1.971494,746.240185,4.627512,4.627512,1025.118126
5.697608,1.999270,738.581708,5.464456,5.464456,1075.076138
5.452414,4.721142,763.058344,5.132769,5.132769,1013.487938
4.166092,1.550513,717.387184,5.187941,5.187941,1030.856235
4.048134,1.447473,709.864427,5.549298,5.549298,909.740635
3.827045,1.422629,694.022911,5.926832,5.926832,940.934388
4.866776,1.868154,593.534403,6.147900,6.147900,844.373268
3.855266,1.661552,547.366097,5.877788,5.877788,786.952361
3.601551,1.479973,624.046936,9.559770,9.559770,787.341232
3.969827,1.262304,598.102233,11.070403,11.070403,850.024740
2.445414,0.923157,621.154281,5.422947,5.422947,795.316928
3.016097,1.208652,353.107655,3.197443,3.197443,427.589891
4.159746,1.065932,407.492849,3.251271,3.251271,474.424506
3.899944,0.877961,305.310783,2.933822,2.933822,365.244462
4.553613,0.890033,304.707718,2.811003,2.811003,361.064913
4.574983,0.869828,310.287842,3.948664,3.948664,368.197425
3.270671,0.607500,274.204540,7.397626,7.397626,341.436672
4.494636,0.658186,349.297508,8.330702,8.330702,424.606392
4.145703,0.636425,370.607015,4.486313,4.486313,437.849404
3.646924,0.646388,274.440474,7.976660,7.976660,343.265016
3.079509,0.501101,165.442013,3.912710,3.912710,214.309943
3.490835,0.551308,199.294113,4.465176,4.465176,246.448852
3.417971,0.517306,203.838657,4.350861,4.350861,261.085041
3.498937,0.533541,260.627199,2.674960,2.674960,314.781156
4.066368,0.555939,257.901883,4.644543,4.644543,310.891457
3.543017,0.496175,147.047248,2.933465,2.933465,195.051874
7.172434,0.282726,86.151153,2.169197,2.169197,126.220503
3.073967,0.288839,60.202527,1.819309,1.819309,79.632970
5.548786,0.289952,58.892785,2.340856,2.340856,92.821332
3.714625,0.308697,151.562140,3.306190,3.306190,192.342415
5.288651,0.202522,147.782325,3.036815,3.036815,181.886673
12.008408,0.200570,161.279882,3.371230,3.371230,228.359570
3.264376,0.199715,66.590595,2.335532,2.335532,94.873250
3.155400,0.207006,53.993362,1.927375,1.927375,74.514933
10.622573,0.197823,49.699503,3.558088,3.558088,88.153511
2.314416,0.096472,35.504117,1.771025,1.771025,60.040470
3.557752,0.119336,58.426502,1.730370,1.730370,82.522954
7.978234,0.101056,50.169977,6.500172,6.500172,77.257248
2.830508,0.105068,4.592559,1.640214,1.640214,27.647610
3.217159,0.100150,8.584206,2.306074,2.306074,46.647999
2.508677,0.068541,6.860168,2.373015,2.373015,46.456006
10.485192,0.076317,8.144736,2.589525,2.589525,65.855567
16.647201,0.066255,12.214361,2.280892,2.280892,64.561153
6.591023,0.069884,18.680158,1.900045,1.900045,55.886639
2.506017,0.074239,72.885353,1.940631,1.940631,98.645722
9.046682,0.170229,69.168405,2.532057,2.532057,105.034943
12.401732,0.507837,76.557395,2.353453,2.353453,120.408102
12.885879,0.270644,51.619308,1.877066,1.877066,90.128065
3.255921,0.162914,55.049486,2.482330,2.482330,82.920343
3.234100,0.161230,64.348487,2.703981,2.703981,96.783199
3.128788,0.145129,68.531309,1.757858,1.757858,97.939383
9.490573,0.162983,65.008383,2.228639,2.228639,119.659061
33.525755,0.220846,125.084618,2.744972,2.744972,191.700800
7.198554,0.144440,59.448166,1.666411,1.666411,87.996297
20.921070,0.234634,87.486211,3.177230,3.177230,150.449359
7.446121,0.197668,67.936100,4.801111,4.801111,110.794685
4.893541,0.248916,113.246393,2.636688,2.636688,145.612288
12.417700,0.344684,104.059269,7.839205,7.839205,158.200231
12.799617,0.198672,117.043255,9.170981,9.170981,167.069214
10.194023,0.330112,77.258155,8.173026,8.173026,121.082561
12.687118,0.384714,141.428729,2.787883,2.787883,176.544841
3.471601,0.418013,117.401227,8.158151,8.158151,147.490210
24.534903,0.479927,137.574726,1.999518,1.999518,180.251134
3.713042,0.434086,93.210925,0.859605,0.859605,109.774464
4.101854,0.292636,111.041484,0.925521,0.925521,131.722463
4.101809,0.484572,58.446472,0.844513,0.844513,74.519005
24.042600,0.462646,198.084147,1.159225,1.159225,238.638854
4.495178,0.331387,311.117028,2.254280,2.254280,353.318830
4.554451,0.539165,358.655257,8.574168,8.574168,403.173710
4.680441,0.811788,214.164815,2.108385,2.108385,253.895740
9.360046,0.726986,225.965137,1.978365,1.978365,273.151202
7.912275,1.138005,306.510605,9.584662,9.584662,373.911752
4.528886,0.982104,351.123557,2.564331,2.564331,403.427853
4.966810,1.102370,341.433850,2.753201,2.753201,395.668602
4.803130,1.138805,309.515453,2.829219,2.829219,364.308004
4.341065,0.826138,335.999349,2.694002,2.694002,400.035173
4.207864,0.737155,374.149575,2.105204,2.105204,439.841621
10.838332,1.243220,303.835156,2.365613,2.365613,369.497916
4.553920,1.219729,324.509170,2.619573,2.619573,376.794702
5.639116,1.025500,464.179635,2.359420,2.359420,528.649291
6.207658,0.880873,510.743433,4.332054,4.332054,693.986749
2.793037,0.864638,366.822072,2.195945,2.195945,415.701050
5.710073,1.066487,544.302068,4.246920,4.246920,733.001998
3.650740,0.966767,500.363926,3.435417,3.435417,683.003859
3.581382,1.353978,567.984285,3.111942,3.111942,792.569711
3.725366,0.942879,524.697274,2.442907,2.442907,587.210787
5.978131,1.288113,660.080804,5.060177,5.060177,784.693837
4.328858,1.536112,509.048657,4.051826,4.051826,569.045640
6.677882,1.241600,444.167992,13.981780,13.981780,747.868449
4.595135,1.388423,560.476739,5.703021,5.703021,773.088139
4.952748,1.447020,648.430979,5.690319,5.690319,828.061504
5.342668,1.468557,700.801112,6.934107,6.934107,882.551687
5.102731,1.440153,504.702257,5.581013,5.581013,836.577580
5.275350,1.911394,508.796101,5.271071,5.271071,844.894278
4.430856,1.688187,515.323689,17.783748,17.783748,819.839478
4.867915,1.378240,574.480378,7.270919,7.270919,854.921687
6.546948,1.526367,735.727423,18.993370,18.993370,880.175140
6.663762,1.577084,533.790527,9.006935,9.006935,824.937882
6.488968,1.530300,599.113408,9.241398,9.241398,860.916584
6.875891,1.775040,584.321869,18.522417,18.522417,838.360342
6.726127,2.292759,896.989043,5.005999,5.005999,1002.825603
12.778461,1.341668,585.169455,4.430328,4.430328,814.060323
5.125351,1.144193,723.098408,17.786970,17.786970,894.510040
4.973099,1.975619,564.632096,6.425619,6.425619,825.817514
4.984601,2.608593,686.210785,4.730771,4.730771,775.846835
4.591073,1.673294,645.037932,3.871722,3.871722,730.943921
3.139016,1.026906,765.796604,3.315434,3.315434,828.502343
4.042880,1.954774,430.930255,2.135303,2.135303,484.201655
6.108322,1.629424,530.443461,2.577504,2.577504,596.529501
5.571059,1.320768,449.698703,2.596871,2.596871,504.501677
6.250843,1.918663,532.465082,5.084663,5.084663,722.135059
3.664488,1.912885,683.758173,7.122593,7.122593,814.540346
3.392393,1.718016,570.231894,4.558116,4.558116,815.863089
4.397220,2.264591,691.724015,7.663117,7.663117,873.793210
4.153499,1.916256,576.869905,5.784572,5.784572,732.380228
2.725002,1.632092,460.277965,14.551978,14.551978,684.081911
3.951768,1.573102,505.273615,5.463252,5.463252,681.503955
3.246887,0.958624,339.266211,2.273799,2.273799,394.699033
6.184963,1.122573,478.603918,2.503403,2.503403,543.214984
