#LBA time[ms], KF opt[#], KF fixed[#], MP[#], Edges[#]
0.000000,3,1,0,2190
0.004159,4,1,0,2692
0.122958,5,1,0,3262
0.362857,6,1,0,3765
0.446806,6,1,0,3563
0.819768,6,1,0,3511
0.580541,6,1,0,3482
0.674295,6,1,0,3454
0.614529,6,1,0,3406
0.688755,6,1,0,3381
0.654018,6,1,0,3363
0.758156,6,1,0,3347
1.386480,6,1,0,3300
0.761949,6,1,0,3228
0.651691,6,1,0,3156
0.584676,6,1,0,3112
0.566230,6,1,0,3083
0.314986,6,1,0,3040
0.591657,6,1,0,3000
0.770680,6,1,0,2973
0.591215,6,1,0,2939
0.519744,6,1,0,2891
0.505065,6,1,0,2784
0.431720,6,1,0,2680
0.493586,6,1,0,2676
0.459659,6,1,0,2689
0.426788,6,1,0,2691
0.461250,6,1,0,2706
0.515790,6,1,0,2738
0.518796,6,1,0,2776
0.507511,6,1,0,2815
0.510978,6,1,0,2868
0.376573,6,1,0,3011
0.549306,6,1,0,3154
0.633445,6,1,0,3202
0.557118,6,1,0,3250
0.960031,6,1,0,3230
0.643064,6,1,0,3239
0.906729,6,1,0,3309
0.888819,6,1,0,3353
0.626347,6,1,0,3291
0.587051,6,1,0,3294
0.640895,6,1,0,3204
0.592466,6,1,0,3127
0.549860,6,1,0,3036
0.816687,6,1,0,2771
0.565860,7,1,0,3034
0.503507,7,1,0,2869
0.580037,7,1,0,2761
0.691520,7,1,0,2726
0.745491,7,1,0,2690
0.470727,7,1,0,2676
0.626173,7,1,0,2742
0.502460,7,1,0,2767
0.542780,6,1,0,2521
0.546188,7,1,0,2821
0.395375,6,1,0,2630
0.638432,6,1,0,2632
0.509537,6,1,0,2741
0.639384,6,1,0,2715
0.485585,6,1,0,2708
0.837885,6,1,0,2673
0.472335,6,1,0,2611
0.465632,6,1,0,2539
0.681473,6,1,0,2453
0.616539,6,1,0,2364
0.551258,6,1,0,2280
0.411359,6,1,0,2203
0.389668,6,1,0,2150
0.371583,7,1,0,2312
0.398243,6,1,0,2016
0.524088,6,1,0,1991
0.509114,6,1,0,2002
0.352514,6,1,0,2036
0.337691,6,1,0,2104
0.334034,6,1,0,2205
0.349958,6,1,0,2363
0.386165,6,1,0,2463
0.445670,6,1,0,2476
0.438476,6,1,0,2521
0.433976,6,1,0,2529
0.446487,6,1,0,2477
0.577004,6,1,0,2541
0.519380,6,1,0,2508
0.838668,6,1,0,2503
0.438790,6,1,0,2495
0.621356,6,1,0,2495
0.437974,6,1,0,2421
0.479445,6,1,0,2319
0.456302,6,1,0,2234
0.635004,7,1,0,2499
0.391268,6,1,0,2174
0.703604,6,1,0,2138
0.425622,6,1,0,2122
0.393485,6,1,0,2100
0.400079,6,1,0,2073
0.375511,7,1,0,2292
0.509485,7,1,0,2264
0.670173,7,1,0,2230
0.442183,7,1,0,2214
0.429557,6,1,0,1976
0.430933,6,1,0,1947
0.529771,6,1,0,1896
0.384241,7,1,0,2047
0.336169,6,1,0,1848
0.391227,7,1,0,1995
0.301631,7,1,0,1962
0.367954,7,1,0,1927
0.354304,7,1,0,1909
0.558219,7,1,0,1900
0.482419,7,1,0,1892
0.380288,7,1,0,1872
0.332660,7,1,0,1857
0.403577,7,1,0,1842
0.354357,7,1,0,1860
0.344523,7,1,0,1848
0.343626,7,1,0,1866
0.326532,7,1,0,1866
0.328614,7,1,0,1865
0.348727,7,1,0,1878
0.453448,7,1,0,1879
0.336689,7,1,0,1932
0.342876,7,1,0,1892
0.489215,8,1,0,2029
0.450120,7,1,0,1909
2.654783,7,1,0,1910
0.428150,7,1,0,1947
1.991599,7,1,0,1996
0.355958,7,1,0,2110
0.468586,6,1,0,2051
0.410514,6,1,0,2119
0.357787,6,1,0,2130
0.424876,6,1,0,2131
0.548948,7,1,0,2437
0.426936,7,1,0,2365
0.675292,6,1,0,2073
0.459118,6,1,0,2045
0.593119,7,1,0,2350
0.338249,7,1,0,2268
0.604886,7,1,0,2228
0.480571,7,1,0,2192
0.475567,7,1,0,2167
0.396919,7,1,0,2115
0.432654,7,1,0,2075
0.396236,7,1,0,2054
0.376351,7,1,0,2019
0.385630,7,1,0,2002
0.404701,7,1,0,1968
0.373315,7,1,0,1909
0.361240,7,1,0,1918
0.349001,7,1,0,1894
0.355212,7,1,0,1868
0.367489,7,1,0,1850
0.391563,7,1,0,1823
0.358042,7,1,0,1812
0.352010,7,1,0,1806
0.337004,7,1,0,1790
0.331309,7,1,0,1794
0.333220,7,1,0,1783
0.376421,7,1,0,1780
0.322776,7,1,0,1778
0.368296,7,1,0,1784
0.326898,7,1,0,1776
0.323043,7,1,0,1768
0.316649,7,1,0,1782
0.316251,7,1,0,1803
0.390222,7,1,0,1795
0.383575,7,1,0,1795
0.475073,7,1,0,1819
0.389258,7,1,0,1804
0.331802,7,1,0,1807
0.515607,7,1,0,1842
0.334373,7,1,0,1833
0.543291,7,1,0,1770
0.451053,8,1,0,1968
0.331725,7,1,0,1833
0.416479,8,1,0,2035
0.335861,7,1,0,1825
0.458961,7,1,0,1788
0.344201,8,1,0,2002
0.319717,8,1,0,1946
0.415094,8,1,0,1859
0.419998,9,1,0,1989
0.545759,8,1,0,1889
0.454980,8,1,0,1886
0.385658,8,1,0,1825
0.382201,8,1,0,1879
0.379833,8,1,0,1790
0.536155,8,1,0,1775
0.376652,8,1,0,1723
0.373512,8,1,0,1678
0.377331,8,1,0,1665
0.504365,8,1,0,1589
0.346803,8,1,0,1588
0.357318,8,1,0,1553
0.347425,8,1,0,1530
0.421916,8,1,0,1525
0.298884,8,1,0,1514
0.314303,8,1,0,1496
0.306906,8,1,0,1486
0.305673,8,1,0,1481
0.298393,8,1,0,1468
0.301269,8,1,0,1449
0.607807,8,1,0,1445
0.441413,8,1,0,1439
0.283257,8,1,0,1435
0.269892,8,1,0,1440
0.355961,8,1,0,1444
0.333185,8,1,0,1458
0.290826,8,1,0,1477
0.408129,8,1,0,1478
0.407034,8,1,0,1502
0.292477,8,1,0,1496
0.314811,9,1,0,1624
0.280016,9,1,0,1623
0.345840,8,1,0,1564
0.325600,8,1,0,1540
0.324639,9,1,0,1648
0.400703,8,1,0,1621
0.369024,8,1,0,1710
0.517635,7,1,0,1626
0.386828,8,1,0,1858
0.297289,8,1,0,1852
0.572267,8,1,0,1837
0.372285,8,1,0,1809
0.391001,8,1,0,1801
0.491778,8,1,0,1743
0.626839,8,1,0,1711
0.351735,8,1,0,1678
0.510190,8,1,0,1647
0.494610,8,1,0,1605
0.344585,8,1,0,1561
0.330134,8,1,0,1538
0.352850,8,1,0,1531
0.313969,8,1,0,1510
0.304735,8,1,0,1506
0.314133,8,1,0,1470
0.309884,8,1,0,1447
0.304215,8,1,0,1433
0.484248,8,1,0,1437
0.299380,8,1,0,1426
0.347368,8,1,0,1427
0.290032,8,1,0,1442
0.310644,8,1,0,1434
0.515001,8,1,0,1431
0.298626,8,1,0,1443
0.291262,8,1,0,1442
0.358713,8,1,0,1465
0.346312,8,1,0,1447
0.299038,8,1,0,1412
0.299171,9,1,0,1571
0.334830,8,1,0,1435
0.443410,8,1,0,1398
0.375846,9,1,0,1537
0.279799,9,1,0,1493
0.468189,9,1,0,1515
0.327848,8,1,0,1445
0.515482,8,1,0,1430
0.303849,8,1,0,1395
0.414249,9,1,0,1532
0.295966,9,1,0,1448
0.416307,9,1,0,1418
0.349954,9,1,0,1435
0.332488,9,1,0,1348
0.345599,10,1,0,1405
0.305384,9,1,0,1211
0.335227,9,1,0,1207
0.279304,9,1,0,1176
0.259352,10,1,0,1230
0.247076,9,1,0,1144
0.341496,10,1,0,1185
0.245129,9,1,0,1097
0.287638,10,1,0,1147
0.237226,10,1,0,1146
0.289881,10,1,0,1149
0.409586,9,1,0,1098
0.382358,10,1,0,1150
0.264107,9,1,0,1131
0.268723,10,1,0,1209
0.346841,9,1,0,1161
0.295760,10,1,0,1228
0.253484,10,1,0,1231
0.313985,10,1,0,1243
0.289985,10,1,0,1304
0.345889,9,1,0,1228
0.317171,10,1,0,1363
0.286825,9,1,0,1244
0.329291,9,1,0,1275
0.269767,9,1,0,1285
0.303425,9,1,0,1284
0.316539,9,1,0,1268
0.393604,9,1,0,1267
0.325877,9,1,0,1233
0.389009,9,1,0,1226
0.369802,9,1,0,1209
0.270253,9,1,0,1179
0.271092,9,1,0,1129
0.254417,9,1,0,1118
0.348151,9,1,0,1107
0.261896,9,1,0,1070
0.243468,9,1,0,1050
0.329174,9,1,0,1046
0.233025,9,1,0,1058
0.268460,9,1,0,1069
0.256085,9,1,0,1079
0.229989,9,1,0,1081
0.234994,9,1,0,1084
0.338541,9,1,0,1105
0.233713,9,1,0,1131
0.249946,9,1,0,1123
0.345122,9,1,0,1121
0.237046,9,1,0,1136
0.244962,9,1,0,1134
0.357428,9,1,0,1130
0.256848,9,1,0,1125
0.355322,9,1,0,1107
0.249050,9,1,0,1087
0.240984,9,1,0,1083
0.305106,9,1,0,1067
0.275873,9,1,0,1085
0.241686,9,1,0,1084
0.236660,9,1,0,1077
0.332844,9,1,0,1066
0.234146,9,1,0,1012
0.257258,10,1,0,1118
0.217253,9,1,0,1024
0.312369,9,1,0,1001
0.305639,9,1,0,1009
0.336950,9,1,0,1037
0.221823,9,1,0,1010
0.228696,10,1,0,1134
0.326050,9,1,0,1004
0.290813,9,1,0,1001
0.226877,9,1,0,1011
0.257085,9,1,0,1023
0.221914,9,1,0,1024
0.267796,9,1,0,1027
0.228144,9,1,0,1016
0.365739,9,1,0,996
0.232556,9,1,0,994
0.361617,9,1,0,980
0.221729,9,1,0,955
0.273317,9,1,0,939
0.240378,9,1,0,940
0.209552,8,2,0,938
0.208546,8,2,0,919
0.204976,8,2,0,906
0.209934,8,2,0,905
0.201451,8,2,0,908
0.205864,8,2,0,912
0.210013,8,2,0,921
0.223788,9,1,0,924
0.209059,10,1,0,1032
0.201744,9,1,0,950
0.267313,9,1,0,948
0.214863,9,1,0,966
0.214892,9,1,0,970
0.216633,9,1,0,969
0.224090,9,1,0,970
0.234462,9,1,0,956
0.224616,9,1,0,920
0.222765,9,1,0,937
0.206823,9,1,0,920
0.250879,9,1,0,894
0.203603,9,1,0,885
0.321463,9,1,0,876
0.197082,9,1,0,853
0.280100,9,1,0,845
0.224691,9,1,0,836
0.212759,9,1,0,815
0.273104,9,1,0,790
0.219024,9,1,0,780
0.184208,9,1,0,774
0.209485,9,1,0,767
0.176633,9,1,0,762
0.237057,9,1,0,758
0.239694,9,1,0,750
0.182377,9,1,0,754
0.259536,9,1,0,743
0.172862,10,1,0,805
0.159537,9,1,0,753
0.279459,10,1,0,827
0.169360,9,1,0,783
0.211888,10,1,0,868
0.231479,9,1,0,811
0.302100,9,1,0,818
0.186159,9,1,0,841
0.180423,9,1,0,830
0.184627,9,1,0,824
0.193481,9,1,0,830
0.219067,9,1,0,824
0.190915,9,1,0,825
0.227664,9,1,0,836
0.188772,9,1,0,845
0.267526,9,1,0,830
0.187054,10,1,0,947
0.186997,9,1,0,828
0.245462,9,1,0,826
0.182823,9,1,0,803
0.188579,9,2,0,900
0.176615,8,2,0,781
0.237038,8,2,0,764
0.185443,8,2,0,751
0.198847,8,2,0,751
0.167207,8,2,0,744
0.239232,8,2,0,762
1.651110,9,1,0,788
0.170933,9,1,0,784
0.170903,10,1,0,890
0.181607,9,1,0,787
0.218130,10,1,0,881
0.167935,9,1,0,773
0.358741,10,1,0,872
0.165100,9,1,0,792
0.215531,9,1,0,773
0.193119,10,1,0,882
0.235538,9,1,0,785
0.252460,9,1,0,794
0.250544,9,1,0,790
0.211373,9,1,0,785
0.213577,9,1,0,786
0.183604,9,1,0,795
0.321279,9,1,0,799
0.254693,9,1,0,800
0.181580,9,1,0,802
0.211817,9,1,0,801
0.183036,9,1,0,797
0.217240,9,1,0,801
0.209536,9,1,0,794
0.185860,9,1,0,790
0.186028,340,269262768,369,1524197994
0.178079,0,32594,0,1074979935
