#Stereo rect[ms], MP culling[ms], MP creation[ms], LBA[ms], KF culling[ms], Total[ms]
0.249435,0.058956,0.093273,0.000000,0.000000,0.403135
0.224044,0.114950,1.795099,0.004159,0.004159,2.143682
1.769475,0.102288,1.936737,0.122958,0.122958,13.832119
2.962644,0.126950,6.268176,0.362857,0.362857,22.282519
2.891497,0.101044,2.562108,0.446806,0.446806,19.993529
2.953851,0.000385,5.801710,0.819768,0.819768,25.040772
2.822765,0.000105,3.072852,0.580541,0.580541,23.405086
2.844502,0.000088,3.211429,0.674295,0.674295,21.693741
2.783982,0.000711,3.499480,0.614529,0.614529,23.964635
3.263311,0.000171,3.006598,0.688755,0.688755,21.289409
2.972684,0.000106,3.044286,0.654018,0.654018,20.889683
2.529631,0.000163,2.928261,0.758156,0.758156,20.045547
2.682714,0.000146,4.221215,1.386480,1.386480,22.942702
2.973431,0.000125,3.360698,0.761949,0.761949,18.212379
2.390039,0.000097,3.174479,0.651691,0.651691,20.462608
2.249858,0.000110,2.662347,0.584676,0.584676,18.187764
2.063433,0.000818,2.316244,0.566230,0.566230,18.483757
1.908538,0.000101,2.094184,0.314986,0.314986,15.537216
2.070872,0.000072,2.151585,0.591657,0.591657,16.273360
1.776281,0.000098,2.000566,0.770680,0.770680,16.254004
1.758310,0.000105,1.922578,0.591215,0.591215,15.533699
1.666865,0.000071,1.956688,0.519744,0.519744,18.616725
1.578030,0.000109,1.839074,0.505065,0.505065,12.783990
2.099811,0.000112,2.566913,0.431720,0.431720,19.663742
1.128760,0.000117,1.358728,0.493586,0.493586,15.854766
0.994969,0.000080,1.361371,0.459659,0.459659,14.034147
1.011878,0.000086,1.192742,0.426788,0.426788,13.294972
1.264540,0.000083,1.322931,0.461250,0.461250,13.467300
0.994539,0.000079,1.298344,0.515790,0.515790,12.700041
1.452120,0.000147,1.757553,0.518796,0.518796,14.595927
1.177474,0.000083,1.552471,0.507511,0.507511,14.198986
1.287395,0.000090,1.411931,0.510978,0.510978,14.287144
1.914153,0.000861,1.707639,0.376573,0.376573,14.237910
1.591676,0.000115,1.867293,0.549306,0.549306,15.725906
2.063897,0.000070,2.214807,0.633445,0.633445,16.645416
2.285397,0.000123,2.524581,0.557118,0.557118,18.838194
2.315518,0.000180,4.235428,0.960031,0.960031,19.940708
2.400346,0.000071,3.193549,0.643064,0.643064,18.808051
2.794278,0.000184,3.447402,0.906729,0.906729,21.630689
2.403387,0.000109,2.957083,0.888819,0.888819,18.060560
2.665259,0.000092,3.132273,0.626347,0.626347,21.067272
3.940708,0.000130,3.029860,0.587051,0.587051,19.983437
2.778432,0.000082,3.199770,0.640895,0.640895,21.852704
3.846015,0.000125,4.064270,0.592466,0.592466,23.055084
3.045395,0.000095,5.393944,0.549860,0.549860,21.441870
2.828557,0.000134,3.083832,0.816687,0.816687,18.919587
2.512319,0.000081,3.302206,0.565860,0.565860,18.982497
1.851717,0.000205,5.794879,0.503507,0.503507,18.584943
3.186312,0.000115,5.077451,0.580037,0.580037,21.481460
1.936010,0.000129,3.858189,0.691520,0.691520,16.435512
2.476000,0.000143,4.507297,0.745491,0.745491,17.701358
2.088820,0.000087,2.548088,0.470727,0.470727,15.276443
1.669063,0.000141,2.528792,0.626173,0.626173,15.330005
1.741587,0.000168,2.806866,0.502460,0.502460,14.645307
2.366219,0.000102,2.446369,0.542780,0.542780,16.758340
2.254750,0.000112,3.085417,0.546188,0.546188,16.394136
1.632645,0.000079,2.176078,0.395375,0.395375,14.690568
2.572380,0.000116,3.900753,0.638432,0.638432,16.369179
2.205796,0.000141,3.323403,0.509537,0.509537,15.566876
2.169112,0.000107,2.566024,0.639384,0.639384,14.538493
2.957777,0.000068,3.887661,0.485585,0.485585,16.463313
2.623328,0.000108,2.845339,0.837885,0.837885,16.913735
2.597883,0.000193,5.958841,0.472335,0.472335,18.403571
2.587104,0.000107,2.840258,0.465632,0.465632,15.346536
2.104789,0.001882,2.786809,0.681473,0.681473,15.159822
1.931367,0.000060,2.498705,0.616539,0.616539,13.515737
2.362158,0.000270,3.625134,0.551258,0.551258,14.681320
1.661907,0.000079,2.203077,0.411359,0.411359,12.999888
1.462019,0.000085,1.721818,0.389668,0.389668,11.133933
1.793008,0.000224,2.378207,0.371583,0.371583,13.447916
1.907712,0.000208,2.006538,0.398243,0.398243,11.725632
1.725538,0.000097,2.030193,0.524088,0.524088,11.923979
1.200046,0.000270,1.639730,0.509114,0.509114,12.665017
0.817255,0.000077,1.066637,0.352514,0.352514,8.262899
0.902246,0.000085,1.448600,0.337691,0.337691,9.123279
1.191826,0.000080,1.400308,0.334034,0.334034,10.301479
1.464626,0.000100,1.960024,0.349958,0.349958,11.209675
1.438374,0.000097,1.937248,0.386165,0.386165,11.672240
1.943924,0.000187,2.437678,0.445670,0.445670,12.692361
1.955214,0.000081,2.376161,0.438476,0.438476,13.587599
2.896532,0.000214,2.906815,0.433976,0.433976,15.392682
3.173914,0.000152,2.852538,0.446487,0.446487,16.511356
2.239175,0.000071,2.909061,0.577004,0.577004,18.472788
2.582780,0.000101,2.971032,0.519380,0.519380,18.210889
3.108698,0.000120,3.548538,0.838668,0.838668,20.352458
2.250783,0.000096,2.476574,0.438790,0.438790,14.766396
3.017987,0.000171,5.477261,0.621356,0.621356,18.268530
2.121288,0.000092,2.386791,0.437974,0.437974,13.837324
2.137726,0.000112,2.740895,0.479445,0.479445,14.774606
2.064293,0.000270,2.613081,0.456302,0.456302,14.154278
3.193955,0.000162,7.157280,0.635004,0.635004,23.247836
1.626307,0.000094,2.434998,0.391268,0.391268,13.754032
2.283901,0.000144,2.642925,0.703604,0.703604,15.303411
2.025923,0.000102,2.937026,0.425622,0.425622,14.548208
1.560596,0.000082,2.791372,0.393485,0.393485,12.262999
1.728098,0.000193,2.009953,0.400079,0.400079,12.712539
1.920681,0.000123,3.704143,0.375511,0.375511,15.035830
1.294367,0.000079,1.760443,0.509485,0.509485,12.092344
2.415969,0.000096,3.894008,0.670173,0.670173,16.981013
1.874581,0.000077,2.358604,0.442183,0.442183,12.739937
1.703560,0.000076,2.094510,0.429557,0.429557,11.564403
1.571254,0.000092,2.267350,0.430933,0.430933,13.296486
1.273251,0.000086,2.921241,0.529771,0.529771,13.903865
1.822400,0.000116,2.908220,0.384241,0.384241,15.406090
1.637441,0.000248,1.881154,0.336169,0.336169,11.423067
1.169902,0.000084,1.801555,0.391227,0.391227,9.710254
0.989675,0.000123,1.387840,0.301631,0.301631,9.772318
1.580971,0.000097,3.048682,0.367954,0.367954,13.820108
1.213711,0.000090,1.820492,0.354304,0.354304,8.957301
1.108613,0.000089,1.529081,0.558219,0.558219,10.763757
0.939864,0.000090,1.594866,0.482419,0.482419,9.362004
0.903663,0.000067,1.578201,0.380288,0.380288,9.267950
1.022638,0.000198,1.617638,0.332660,0.332660,10.412154
1.113707,0.000086,1.408782,0.403577,0.403577,10.191509
0.762856,0.000106,1.512124,0.354357,0.354357,7.886038
1.016278,0.000119,4.276190,0.344523,0.344523,11.824373
0.849250,0.000086,1.737859,0.343626,0.343626,9.282022
0.807182,0.000096,1.500650,0.326532,0.326532,8.298830
0.912279,0.000114,4.418550,0.328614,0.328614,12.360971
1.046841,0.000326,3.216548,0.348727,0.348727,10.658040
1.256266,0.000084,2.254282,0.453448,0.453448,9.812833
0.923276,0.000076,1.593243,0.336689,0.336689,9.552837
0.876997,0.000104,4.526959,0.342876,0.342876,12.567168
1.079175,0.000074,2.588409,0.489215,0.489215,10.490050
1.047087,0.000104,1.637351,0.450120,0.450120,9.407953
1.232907,0.000084,2.209810,2.654783,2.654783,12.333095
0.957842,0.000097,3.199291,0.428150,0.428150,10.650873
1.022724,0.000246,1.593285,1.991599,1.991599,11.712607
1.127775,0.003081,1.593920,0.355958,0.355958,8.924069
1.454893,0.000075,1.965695,0.468586,0.468586,11.539698
1.623352,0.000123,2.899980,0.410514,0.410514,11.989396
1.805018,0.000145,3.247618,0.357787,0.357787,12.222147
1.753845,0.000101,2.155983,0.424876,0.424876,11.324999
2.118464,0.000070,4.285219,0.548948,0.548948,14.433492
1.724959,0.000085,2.045285,0.426936,0.426936,12.944385
3.550543,0.000079,2.832181,0.675292,0.675292,15.646872
2.066489,0.000091,2.698003,0.459118,0.459118,12.665654
2.689061,0.000124,3.131769,0.593119,0.593119,13.462458
2.080944,0.000125,2.177897,0.338249,0.338249,12.395822
2.454458,0.000147,4.283762,0.604886,0.604886,15.272004
2.338644,0.000100,3.003242,0.480571,0.480571,14.487923
2.362872,0.000078,3.025431,0.475567,0.475567,14.309128
1.859974,0.000098,2.820270,0.396919,0.396919,12.502130
2.069226,0.000071,3.128676,0.432654,0.432654,13.500226
1.943916,0.000115,2.715669,0.396236,0.396236,11.665321
1.873870,0.000098,2.696977,0.376351,0.376351,11.443278
1.735031,0.000095,3.394824,0.385630,0.385630,13.425097
2.214338,0.000103,4.224331,0.404701,0.404701,15.292834
2.173146,0.000105,2.560157,0.373315,0.373315,11.783376
1.623630,0.000084,2.119071,0.361240,0.361240,10.121019
1.401036,0.000086,2.352206,0.349001,0.349001,9.541378
1.739828,0.000103,2.354762,0.355212,0.355212,10.941040
1.438772,0.000091,2.060287,0.367489,0.367489,9.510041
1.673823,0.000085,2.040699,0.391563,0.391563,10.049693
1.353066,0.000098,2.230840,0.358042,0.358042,9.572462
1.325201,0.000087,2.112504,0.352010,0.352010,11.786674
1.211476,0.000062,2.299020,0.337004,0.337004,9.236858
1.498257,0.000098,1.863871,0.331309,0.331309,9.232010
1.687787,0.000184,2.205666,0.333220,0.333220,8.942816
1.380616,0.000080,2.264525,0.376421,0.376421,10.694997
1.462655,0.000122,1.714384,0.322776,0.322776,8.120223
1.272964,0.000076,1.908382,0.368296,0.368296,8.461048
1.267841,0.000081,1.539964,0.326898,0.326898,8.054595
1.284731,0.000074,1.653117,0.323043,0.323043,8.159685
1.636290,0.000100,2.168906,0.316649,0.316649,8.812907
1.162628,0.000093,1.667096,0.316251,0.316251,8.099144
1.683946,0.000206,3.745282,0.390222,0.390222,19.335014
1.417712,0.000114,1.911579,0.383575,0.383575,8.426977
1.247704,0.000102,2.184125,0.475073,0.475073,9.066524
1.358192,0.000111,2.351328,0.389258,0.389258,9.185709
1.398493,0.000146,2.493882,0.331802,0.331802,10.258168
1.268558,0.000077,2.273760,0.515607,0.515607,10.666604
1.664808,0.000095,3.276552,0.334373,0.334373,11.100156
1.629044,0.000088,3.732219,0.543291,0.543291,12.234057
1.550373,0.000102,2.206191,0.451053,0.451053,9.945194
1.138543,0.000135,4.341494,0.331725,0.331725,12.133650
2.113243,0.000098,2.994769,0.416479,0.416479,11.847543
1.379952,0.000099,2.450818,0.335861,0.335861,9.922204
2.141087,0.000107,2.978410,0.458961,0.458961,13.384247
1.413397,0.000108,5.887299,0.344201,0.344201,14.338094
1.665348,0.000097,2.686879,0.319717,0.319717,10.162995
1.866207,0.000144,3.540846,0.415094,0.415094,11.711776
1.512406,0.000137,2.389270,0.419998,0.419998,12.110428
1.733089,0.000105,6.292163,0.545759,0.545759,18.463770
2.260816,0.000199,3.687538,0.454980,0.454980,14.373378
1.744092,0.000079,2.702508,0.385658,0.385658,12.172651
1.914748,0.000321,4.553372,0.382201,0.382201,15.151050
1.587149,0.000086,2.466225,0.379833,0.379833,11.370222
1.405210,0.000147,2.444428,0.536155,0.536155,10.816423
1.253395,0.000098,2.273851,0.376652,0.376652,11.022206
1.370871,0.000086,4.153300,0.373512,0.373512,12.541234
1.472681,0.000069,2.686637,0.377331,0.377331,12.167570
1.018199,0.000079,2.011846,0.504365,0.504365,9.551058
0.944930,0.000075,1.927409,0.346803,0.346803,9.037997
0.887576,0.000089,1.924648,0.357318,0.357318,8.651596
1.031136,0.000106,5.542142,0.347425,0.347425,13.118032
0.981138,0.000059,1.648614,0.421916,0.421916,8.931438
0.831503,0.000069,1.485079,0.298884,0.298884,7.643105
0.817850,0.000091,1.770652,0.314303,0.314303,7.894341
0.781516,0.000079,2.009547,0.306906,0.306906,7.455065
0.973599,0.000095,2.887743,0.305673,0.305673,10.134207
1.007554,0.000103,1.547021,0.298393,0.298393,6.876600
0.957708,0.000085,1.560409,0.301269,0.301269,7.842844
0.642061,0.000063,1.483877,0.607807,0.607807,8.859164
0.600072,0.000070,1.580297,0.441413,0.441413,7.168583
0.718715,0.000087,5.581504,0.283257,0.283257,11.633239
0.571513,0.000069,1.457527,0.269892,0.269892,6.591802
0.943398,0.000157,6.038225,0.355961,0.355961,12.067680
0.740652,0.000089,1.363516,0.333185,0.333185,7.693027
0.622646,0.000077,1.540137,0.290826,0.290826,6.377238
0.883404,0.000154,3.216581,0.408129,0.408129,8.663661
0.727675,0.000070,1.653676,0.407034,0.407034,9.087055
0.748837,0.000086,3.302838,0.292477,0.292477,9.491748
0.948289,0.000075,1.855813,0.314811,0.314811,8.358027
0.993406,0.000083,1.647460,0.280016,0.280016,7.225207
1.839406,0.000150,6.563094,0.345840,0.345840,13.231051
1.684275,0.000163,8.516132,0.325600,0.325600,17.313561
0.980691,0.000079,1.505672,0.324639,0.324639,7.534405
0.893427,0.000091,2.511942,0.400703,0.400703,11.421492
1.147917,0.000110,2.421729,0.369024,0.369024,10.791468
1.664209,0.000091,3.934447,0.517635,0.517635,14.744947
1.594455,0.000095,2.444201,0.386828,0.386828,10.253403
1.372452,0.000117,2.338665,0.297289,0.297289,9.681150
2.128392,0.000099,7.183028,0.572267,0.572267,15.577757
2.522861,0.000093,2.958676,0.372285,0.372285,13.722033
2.038704,0.000104,3.112986,0.391001,0.391001,12.458143
1.775861,0.000140,2.938216,0.491778,0.491778,13.698676
1.675423,0.000167,3.819718,0.626839,0.626839,11.517827
1.851145,0.000107,2.790791,0.351735,0.351735,10.856838
1.959921,0.000278,5.725786,0.510190,0.510190,13.212599
1.723063,0.000136,2.884168,0.494610,0.494610,11.175070
1.466142,0.000064,2.267230,0.344585,0.344585,8.635791
1.725918,0.000153,7.248250,0.330134,0.330134,14.533201
1.308462,0.000088,2.155523,0.352850,0.352850,8.562312
1.639724,0.000130,2.419828,0.313969,0.313969,9.339951
1.265308,0.000090,5.890543,0.304735,0.304735,12.214602
1.607044,0.000120,3.248213,0.314133,0.314133,10.227316
1.226873,0.000083,1.968250,0.309884,0.309884,7.620206
1.180182,0.000261,1.693088,0.304215,0.304215,7.086229
1.146397,0.000082,2.149063,0.484248,0.484248,8.296929
1.410313,0.000075,1.780846,0.299380,0.299380,7.423057
1.303038,0.000153,2.972615,0.347368,0.347368,9.109790
1.028709,0.000160,1.874407,0.290032,0.290032,7.061676
1.164398,0.000123,2.080190,0.310644,0.310644,8.614486
1.552860,0.000113,3.115069,0.515001,0.515001,12.010404
1.130266,0.000218,1.963661,0.298626,0.298626,7.362799
1.215688,0.000157,2.551534,0.291262,0.291262,7.974963
1.132495,0.000102,2.127324,0.358713,0.358713,8.177227
1.288584,0.000104,2.067216,0.346312,0.346312,8.982240
1.329856,0.000073,4.452373,0.299038,0.299038,10.257598
1.291423,0.000059,2.130983,0.299171,0.299171,8.367304
0.968613,0.000067,2.229886,0.334830,0.334830,8.272313
1.441312,0.000141,2.743436,0.443410,0.443410,10.257683
1.205596,0.000100,2.590157,0.375846,0.375846,8.990604
1.364308,0.000141,2.048387,0.279799,0.279799,7.765972
1.173041,0.000108,3.817126,0.468189,0.468189,11.217321
1.354345,0.002251,2.238865,0.327848,0.327848,10.289918
1.559684,0.000096,3.360620,0.515482,0.515482,10.097412
1.872797,0.000175,5.943418,0.303849,0.303849,12.276075
1.364642,0.000088,3.236998,0.414249,0.414249,9.421448
1.067851,0.000066,2.086269,0.295966,0.295966,7.660320
1.363485,0.000099,2.472018,0.416307,0.416307,10.007063
1.222657,0.000064,2.456569,0.349954,0.349954,8.900081
1.147066,0.000085,2.124149,0.332488,0.332488,8.923244
1.142059,0.000081,3.054403,0.345599,0.345599,9.097075
1.203324,0.000131,6.514154,0.305384,0.305384,12.879147
1.260759,0.000150,5.447025,0.335227,0.335227,12.084653
0.643295,0.000074,1.554750,0.279304,0.279304,6.159674
0.785565,0.000112,2.345880,0.259352,0.259352,7.680455
0.556246,0.000087,1.050910,0.247076,0.247076,5.317116
0.648418,0.000095,4.467108,0.341496,0.341496,10.204680
0.520879,0.000121,1.216518,0.245129,0.245129,6.110395
0.602212,0.000103,1.269079,0.287638,0.287638,6.362114
0.304477,0.000072,0.763794,0.237226,0.237226,4.960082
0.483378,0.000095,1.135266,0.289881,0.289881,5.470976
0.690842,0.000128,1.664633,0.409586,0.409586,6.958229
0.534200,0.000085,1.338709,0.382358,0.382358,6.705802
0.376542,0.000081,1.016037,0.264107,0.264107,5.406941
1.705776,0.000567,1.693486,0.268723,0.268723,7.297659
2.060874,0.000083,2.912902,0.346841,0.346841,10.980568
0.905560,0.000094,1.607629,0.295760,0.295760,6.208153
1.149233,0.000171,7.663946,0.253484,0.253484,12.923579
0.750780,0.000161,4.196195,0.313985,0.313985,8.854825
0.958783,0.000078,2.975116,0.289985,0.289985,8.185051
1.269230,0.000086,4.666019,0.345889,0.345889,11.334534
1.324500,0.000103,2.385245,0.317171,0.317171,7.699366
1.303056,0.000089,4.381496,0.286825,0.286825,9.458577
1.437743,0.000097,2.971529,0.329291,0.329291,9.571257
1.159675,0.000156,2.669601,0.269767,0.269767,7.994430
1.177121,0.000159,6.411928,0.303425,0.303425,12.627855
1.741895,0.000091,5.420286,0.316539,0.316539,12.604109
1.196768,0.000083,2.518344,0.393604,0.393604,7.891671
1.277329,0.000078,2.697941,0.325877,0.325877,8.984939
1.586894,0.000092,3.018400,0.389009,0.389009,9.982529
1.617348,0.000097,4.402957,0.369802,0.369802,11.320363
1.157548,0.000094,5.123127,0.270253,0.270253,10.585211
1.175180,0.000110,2.708585,0.271092,0.271092,8.639495
1.046085,0.000087,4.233768,0.254417,0.254417,9.144396
0.824498,0.000077,2.094055,0.348151,0.348151,6.897485
0.966008,0.000074,2.141307,0.261896,0.261896,6.970052
0.900979,0.000113,2.341190,0.243468,0.243468,6.684837
0.824295,0.000099,1.884665,0.329174,0.329174,6.734059
0.806186,0.000074,1.495560,0.233025,0.233025,5.548070
0.740565,0.000110,4.974309,0.268460,0.268460,9.822580
0.860957,0.000069,1.758084,0.256085,0.256085,6.280982
0.835884,0.000098,5.212015,0.229989,0.229989,10.741189
1.111406,0.000126,2.100936,0.234994,0.234994,7.186360
1.387390,0.000359,2.578064,0.338541,0.338541,7.442551
1.048235,0.000097,4.070579,0.233713,0.233713,8.807514
1.150559,0.000230,2.206423,0.249946,0.249946,6.840641
1.253142,0.000069,2.492314,0.345122,0.345122,7.639793
1.004315,0.000067,2.263824,0.237046,0.237046,6.702462
1.098650,0.000070,2.464664,0.244962,0.244962,7.276367
1.568991,0.000106,4.075662,0.357428,0.357428,9.893481
1.090221,0.000079,2.229493,0.256848,0.256848,7.149153
1.064587,0.000096,2.716531,0.355322,0.355322,8.131613
1.089699,0.000092,4.257622,0.249050,0.249050,9.714733
0.934097,0.000070,2.271386,0.240984,0.240984,6.869923
0.979405,0.000067,2.649594,0.305106,0.305106,7.110364
0.939475,0.000118,5.701552,0.275873,0.275873,10.844242
1.016341,0.000099,6.206752,0.241686,0.241686,10.498722
0.973284,0.000072,1.788770,0.236660,0.236660,6.140196
1.224640,0.000116,2.403741,0.332844,0.332844,8.026951
0.939085,0.000136,1.927811,0.234146,0.234146,6.629167
0.929576,0.000068,2.090069,0.257258,0.257258,6.302422
0.721146,0.000144,1.382283,0.217253,0.217253,6.581218
1.028393,0.000084,2.312658,0.312369,0.312369,7.201779
0.953683,0.000116,2.123811,0.305639,0.305639,7.284958
0.841561,0.000079,2.195603,0.336950,0.336950,7.185450
1.789402,0.000116,1.981287,0.221823,0.221823,7.260871
1.059730,0.000096,2.008003,0.228696,0.228696,6.463016
0.802957,0.000075,4.292064,0.326050,0.326050,8.629016
1.623022,0.000096,2.047480,0.290813,0.290813,7.354736
1.073287,0.000089,1.765220,0.226877,0.226877,6.309747
0.909729,0.000119,1.932557,0.257085,0.257085,7.370986
0.947675,0.000095,1.756271,0.221914,0.221914,5.873216
1.381454,0.000090,2.588009,0.267796,0.267796,7.451119
1.222352,0.000057,2.053469,0.228144,0.228144,6.554279
1.293402,0.000149,2.662158,0.365739,0.365739,8.748384
0.893102,0.000086,2.195959,0.232556,0.232556,6.598430
1.173533,0.000170,2.298967,0.361617,0.361617,8.074988
0.979686,0.000222,1.930138,0.221729,0.221729,6.047917
1.082269,0.000091,1.943554,0.273317,0.273317,6.833932
0.735621,0.000109,10.164770,0.240378,0.240378,14.488840
0.647262,0.000104,1.714126,0.209552,0.209552,5.356144
0.867630,0.000105,1.646422,0.208546,0.208546,5.397247
0.687180,0.000098,1.402963,0.204976,0.204976,4.918960
0.630853,0.000063,1.418670,0.209934,0.209934,5.019724
0.615939,0.000079,1.565058,0.201451,0.201451,5.224217
0.637195,0.000107,1.297761,0.205864,0.205864,5.482637
0.787069,0.000088,1.381043,0.210013,0.210013,4.909085
0.654219,0.000066,1.753547,0.223788,0.223788,5.644068
1.148632,0.000097,1.593684,0.209059,0.209059,5.511769
0.664287,0.000071,1.472348,0.201744,0.201744,5.210097
0.913290,0.000143,2.403074,0.267313,0.267313,7.755698
0.763346,0.000076,1.667329,0.214863,0.214863,5.400391
0.943893,0.000143,2.002643,0.214892,0.214892,5.869783
0.993462,0.000085,1.634073,0.216633,0.216633,5.704940
1.101285,0.000091,1.826739,0.224090,0.224090,5.919143
1.049415,0.000074,2.043027,0.234462,0.234462,6.336601
1.072466,0.000150,1.762398,0.224616,0.224616,5.877444
0.831375,0.000083,1.837076,0.222765,0.222765,5.767898
0.802758,0.000119,1.664554,0.206823,0.206823,5.461373
0.875168,0.000075,1.781069,0.250879,0.250879,6.583517
0.850860,0.000146,1.785748,0.203603,0.203603,5.571826
1.086760,0.000189,2.147463,0.321463,0.321463,7.043258
0.907709,0.000107,1.515754,0.197082,0.197082,5.164961
1.089398,0.000138,10.047799,0.280100,0.280100,15.015564
0.704006,0.000074,1.488048,0.224691,0.224691,5.197572
0.840744,0.000090,1.467700,0.212759,0.212759,5.031215
0.949761,0.000243,4.091685,0.273104,0.273104,7.898593
0.568923,0.000081,1.241731,0.219024,0.219024,4.551646
0.504278,0.000080,1.349074,0.184208,0.184208,4.744222
0.461334,0.000059,1.029314,0.209485,0.209485,3.889937
0.567187,0.000059,1.197731,0.176633,0.176633,4.528166
0.657092,0.000065,1.173839,0.237057,0.237057,4.131648
0.459936,0.000086,1.022601,0.239694,0.239694,4.802471
0.424083,0.000104,0.910432,0.182377,0.182377,4.109812
0.457251,0.000079,1.177712,0.259536,0.259536,5.344547
0.494345,0.000072,0.940260,0.172862,0.172862,3.874612
0.370942,0.000084,0.958461,0.159537,0.159537,3.493947
0.689165,0.000063,1.334590,0.279459,0.279459,5.645579
0.435577,0.000076,0.988640,0.169360,0.169360,4.271981
1.055399,0.000185,3.207065,0.211888,0.211888,6.972516
0.707132,0.000082,1.243894,0.231479,0.231479,6.250505
1.034487,0.000110,3.138607,0.302100,0.302100,7.981307
1.099580,0.000227,6.656746,0.186159,0.186159,10.492191
0.801961,0.000064,2.330304,0.180423,0.180423,5.790133
0.826383,0.000136,1.489699,0.184627,0.184627,4.922500
0.728448,0.000078,1.683906,0.193481,0.193481,5.040997
0.742807,0.000065,1.618267,0.219067,0.219067,5.284212
1.111286,0.000087,5.779398,0.190915,0.190915,9.770167
0.752083,0.000119,1.580638,0.227664,0.227664,5.714365
0.761403,0.000089,3.621065,0.188772,0.188772,6.784359
1.043667,0.000197,2.054482,0.267526,0.267526,5.999238
0.831306,0.000067,1.619656,0.187054,0.187054,5.048626
0.697963,0.000087,1.717602,0.186997,0.186997,5.193344
1.045431,0.000104,1.878307,0.245462,0.245462,5.778777
0.811726,0.000132,1.449242,0.182823,0.182823,4.823121
0.765665,0.000127,1.316411,0.188579,0.188579,4.454793
1.067666,0.000093,1.359010,0.176615,0.176615,4.755196
0.836888,0.000098,1.498762,0.237038,0.237038,4.958680
0.700572,0.000081,1.395302,0.185443,0.185443,4.465440
0.571803,0.000081,1.294039,0.198847,0.198847,4.423361
0.589439,0.000096,1.298480,0.167207,0.167207,4.659989
0.754812,0.000083,1.115932,0.239232,0.239232,4.275466
0.847267,0.000122,2.868738,1.651110,1.651110,8.044690
0.615829,0.000164,1.434617,0.170933,0.170933,4.620648
0.724084,0.000079,1.590150,0.170903,0.170903,4.808343
0.632482,0.000083,1.459379,0.181607,0.181607,4.541041
1.188215,0.000214,1.809729,0.218130,0.218130,6.176982
0.758341,0.000100,3.397758,0.167935,0.167935,6.439101
0.828759,0.000085,1.547379,0.358741,0.358741,5.747435
0.657660,0.000094,1.354292,0.165100,0.165100,4.482454
1.257404,0.000088,4.528448,0.215531,0.215531,8.626350
0.732759,0.000071,1.726511,0.193119,0.193119,4.989735
0.828255,0.000075,1.530513,0.235538,0.235538,5.840765
0.922232,0.000078,1.815326,0.252460,0.252460,6.052855
0.934681,0.000110,1.887879,0.250544,0.250544,6.369093
0.777063,0.000121,1.591064,0.211373,0.211373,5.100705
0.742467,0.000054,1.741512,0.213577,0.213577,5.247699
0.913403,0.000080,1.589089,0.183604,0.183604,5.195465
0.682437,0.000067,1.566758,0.321279,0.321279,5.557742
0.911877,0.000071,1.663454,0.254693,0.254693,5.655593
0.732641,0.000084,1.407590,0.181580,0.181580,4.425273
0.738679,0.000064,1.834733,0.211817,0.211817,5.062495
0.793302,0.000099,2.756458,0.183036,0.183036,6.096894
0.775738,0.000117,1.568123,0.217240,0.217240,5.196137
0.808472,0.000081,1.602360,0.209536,0.209536,5.311033
0.905250,0.000117,1.573943,0.185860,0.185860,4.878190
0.766984,0.000059,1.554551,0.186028,0.186028,4.710684
0.702681,0.000081,1.448520,0.178079,0.178079,4.487058
