#Image Rect[ms], Image Resize[ms], ORB ext[ms], Stereo match[ms], IMU preint[ms], Pose pred[ms], LM track[ms], KF dec[ms], Total[ms]
0.000000,0.000000,574.025673,0.000000,0.000000,1436.698021,1390.702225,0.301393,576.610671
0.000000,0.000000,498.389981,0.000000,0.000000,1442.917601,42.700935,0.294409,5702.406872
0.000000,0.000000,460.832147,0.000000,0.000000,100.902664,34.149155,0.319356,583.039489
0.000000,0.000000,462.676861,0.000000,0.000000,82.977446,35.539648,0.295678,561.635850
0.000000,0.000000,461.234841,0.000000,0.000000,77.783938,34.729357,0.042075,579.679482
0.000000,0.000000,467.358422,0.000000,0.000000,75.829545,32.721061,0.270687,3296.687118
0.000000,0.000000,477.098185,0.000000,0.000000,79.078234,33.382111,0.038794,1964.443519
0.000000,0.000000,479.198937,0.000000,0.000000,79.946874,33.470469,0.236033,615.995441
0.000000,0.000000,462.663893,0.000000,0.000000,78.475446,32.808547,0.238967,582.865867
0.000000,0.000000,463.190078,0.000000,0.000000,82.939002,33.013471,0.037549,577.106420
0.000000,0.000000,462.215595,0.000000,0.000000,82.521721,32.215958,0.286576,572.476073
0.000000,0.000000,462.959885,0.000000,0.000000,83.489435,33.046080,0.038684,576.750060
0.000000,0.000000,460.625436,0.000000,0.000000,81.488497,32.193362,0.228300,575.572213
0.000000,0.000000,460.521778,0.000000,0.000000,78.578333,32.574856,0.215689,573.283120
0.000000,0.000000,460.569676,0.000000,0.000000,76.221853,29.196207,0.245373,577.956978
0.000000,0.000000,462.377198,0.000000,0.000000,74.504382,44.339117,0.274247,578.704260
0.000000,0.000000,462.806654,0.000000,0.000000,75.417683,29.574572,0.036491,580.546590
0.000000,0.000000,460.278168,0.000000,0.000000,75.775425,33.342264,0.228724,575.347878
0.000000,0.000000,470.956382,0.000000,0.000000,76.608158,30.778268,0.249293,583.429337
0.000000,0.000000,461.358178,0.000000,0.000000,80.449488,30.974488,0.209751,568.215332
0.000000,0.000000,477.264939,0.000000,0.000000,81.153939,29.743349,0.333845,598.032803
0.000000,0.000000,461.019412,0.000000,0.000000,79.377878,28.526718,0.213948,567.246440
0.000000,0.000000,469.673711,0.000000,0.000000,79.884651,28.442996,0.228408,580.145575
0.000000,0.000000,461.407594,0.000000,0.000000,78.689018,29.669772,0.264076,570.272646
0.000000,0.000000,459.914004,0.000000,0.000000,79.442036,28.463191,0.226355,572.671985
0.000000,0.000000,473.951310,0.000000,0.000000,76.306437,25.379567,0.245459,586.371601
0.000000,0.000000,464.000042,0.000000,0.000000,76.275111,28.795411,0.244308,573.363391
0.000000,0.000000,463.220730,0.000000,0.000000,72.935552,26.907430,0.026638,572.934089
0.000000,0.000000,484.169209,0.000000,0.000000,74.486718,29.226981,0.250940,594.207206
0.000000,0.000000,471.747583,0.000000,0.000000,77.637748,30.206168,0.222953,581.071299
0.000000,0.000000,466.784762,0.000000,0.000000,77.716377,29.034225,0.019961,569.789115
0.000000,0.000000,648.935276,0.000000,0.000000,79.721482,26.690571,0.312318,755.674523
0.000000,0.000000,463.809960,0.000000,0.000000,83.437345,27.895277,0.019634,564.783525
0.000000,0.000000,471.650337,0.000000,0.000000,80.727371,27.170197,0.334566,576.777859
0.000000,0.000000,461.654250,0.000000,0.000000,77.820961,26.750214,0.021111,570.790282
0.000000,0.000000,460.983614,0.000000,0.000000,76.509688,26.446020,0.251563,568.837280
0.000000,0.000000,463.976158,0.000000,0.000000,74.301651,27.058551,0.306165,571.735310
0.000000,0.000000,470.258169,0.000000,0.000000,72.656352,28.737414,0.253453,582.826359
0.000000,0.000000,462.541760,0.000000,0.000000,73.181944,25.979005,0.027944,571.897327
0.000000,0.000000,461.580685,0.000000,0.000000,74.953199,28.874137,0.246992,567.492587
0.000000,0.000000,468.199758,0.000000,0.000000,75.761496,30.940774,0.240999,572.509194
0.000000,0.000000,463.205152,0.000000,0.000000,76.117843,29.357808,0.257180,565.998239
0.000000,0.000000,464.075808,0.000000,0.000000,76.531373,31.008477,0.029622,566.847212
0.000000,0.000000,461.675378,0.000000,0.000000,76.957530,32.551243,0.232367,562.212292
0.000000,0.000000,461.645964,0.000000,0.000000,77.117624,31.347945,0.209652,566.743875
0.000000,0.000000,461.659211,0.000000,0.000000,74.905402,29.948503,0.041279,569.638288
0.000000,0.000000,464.572590,0.000000,0.000000,74.926212,31.266600,0.226492,571.468755
0.000000,0.000000,461.172459,0.000000,0.000000,76.633019,31.048991,0.032597,569.922449
0.000000,0.000000,460.173084,0.000000,0.000000,77.644371,30.328289,0.229740,571.153546
0.000000,0.000000,461.908405,0.000000,0.000000,77.095726,34.329538,0.039479,571.741166
0.000000,0.000000,461.453812,0.000000,0.000000,77.805758,31.701458,0.250001,567.718824
0.000000,0.000000,461.128348,0.000000,0.000000,84.924355,35.245653,0.033430,568.705574
0.000000,0.000000,461.988491,0.000000,0.000000,92.090953,35.931626,0.241714,570.903301
0.000000,0.000000,461.982652,0.000000,0.000000,89.290218,45.639715,0.068672,571.528359
0.000000,0.000000,469.301003,0.000000,0.000000,81.523059,35.723280,0.219832,581.970609
0.000000,0.000000,464.106674,0.000000,0.000000,85.061304,34.808357,0.042970,574.989653
0.000000,0.000000,465.619136,0.000000,0.000000,87.034726,35.544927,0.247869,587.119224
0.000000,0.000000,467.369505,0.000000,0.000000,81.930212,32.261399,0.048799,596.855531
0.000000,0.000000,462.177611,0.000000,0.000000,84.026023,32.285484,0.224908,598.456382
0.000000,0.000000,475.541504,0.000000,0.000000,87.099651,32.430712,0.054270,594.118624
0.000000,0.000000,464.070365,0.000000,0.000000,87.634092,32.682418,0.252398,585.248564
0.000000,0.000000,462.936856,0.000000,0.000000,85.490279,31.526890,0.047076,587.010508
0.000000,0.000000,468.335316,0.000000,0.000000,85.543415,32.311733,0.058480,583.968439
0.000000,0.000000,467.534531,0.000000,0.000000,89.720311,33.717821,0.275606,585.384520
0.000000,0.000000,475.250873,0.000000,0.000000,87.857523,33.347589,0.049814,596.098447
0.000000,0.000000,463.854159,0.000000,0.000000,89.784868,33.813071,0.225207,585.892813
0.000000,0.000000,466.567046,0.000000,0.000000,90.334321,35.247722,0.040515,584.946709
0.000000,0.000000,482.529436,0.000000,0.000000,86.050577,37.894107,0.240648,601.918215
0.000000,0.000000,464.448474,0.000000,0.000000,78.134744,35.160749,0.242155,589.482226
0.000000,0.000000,466.244456,0.000000,0.000000,70.855514,41.513278,0.225077,588.889935
0.000000,0.000000,465.617295,0.000000,0.000000,68.316280,35.881837,0.301748,590.564507
0.000000,0.000000,478.275782,0.000000,0.000000,68.824330,35.696441,0.206149,605.181042
0.000000,0.000000,459.815220,0.000000,0.000000,68.273633,34.178442,0.042540,585.175513
0.000000,0.000000,475.215525,0.000000,0.000000,66.479336,32.554571,0.298534,589.852467
0.000000,0.000000,467.739443,0.000000,0.000000,66.454673,31.104390,0.210969,581.580498
0.000000,0.000000,465.560049,0.000000,0.000000,63.773487,30.495926,0.030753,571.296810
0.000000,0.000000,468.295416,0.000000,0.000000,73.355570,31.743684,0.243494,574.176334
0.000000,0.000000,464.908020,0.000000,0.000000,85.144733,31.512545,0.026333,568.704004
0.000000,0.000000,466.346650,0.000000,0.000000,85.921308,32.692081,0.032820,566.970775
0.000000,0.000000,465.322754,0.000000,0.000000,83.653874,30.907403,0.028391,564.169395
0.000000,0.000000,462.519926,0.000000,0.000000,79.072016,32.155965,0.345924,558.231488
0.000000,0.000000,460.750809,0.000000,0.000000,79.374445,31.740819,0.032355,567.167912
0.000000,0.000000,465.085594,0.000000,0.000000,79.217767,33.350246,0.233186,582.973735
0.000000,0.000000,462.507542,0.000000,0.000000,81.317395,33.626486,0.023842,582.209653
0.000000,0.000000,469.724176,0.000000,0.000000,79.395359,33.189467,0.220046,585.463498
0.000000,0.000000,479.478104,0.000000,0.000000,80.116916,40.019899,0.033612,592.358502
0.000000,0.000000,480.601988,0.000000,0.000000,81.504921,39.139773,0.229903,592.957528
0.000000,0.000000,459.756438,0.000000,0.000000,78.969935,35.743740,0.282447,573.586383
0.000000,0.000000,470.206354,0.000000,0.000000,76.779669,37.099032,0.031844,586.397287
0.000000,0.000000,463.929453,0.000000,0.000000,83.887404,39.184910,0.283672,577.920217
0.000000,0.000000,469.788337,0.000000,0.000000,93.877646,39.497013,0.040499,591.419642
0.000000,0.000000,466.002621,0.000000,0.000000,94.168121,38.127855,0.044141,588.163156
0.000000,0.000000,479.023837,0.000000,0.000000,90.228418,47.132720,0.332445,595.330484
0.000000,0.000000,461.495715,0.000000,0.000000,86.412011,40.094561,0.044901,576.630295
0.000000,0.000000,468.540606,0.000000,0.000000,86.783676,31.619426,0.047826,593.194083
0.000000,0.000000,476.323791,0.000000,0.000000,82.502202,28.717526,0.049036,611.061027
0.000000,0.000000,465.324448,0.000000,0.000000,80.011631,29.270907,0.043289,598.809915
0.000000,0.000000,463.661409,0.000000,0.000000,79.896452,29.465893,0.249402,602.778375
0.000000,0.000000,461.459585,0.000000,0.000000,79.785372,29.164181,0.037978,589.132474
0.000000,0.000000,466.420456,0.000000,0.000000,82.436888,37.044226,0.273817,586.184054
0.000000,0.000000,465.739633,0.000000,0.000000,82.868940,30.632019,0.041688,578.273588
0.000000,0.000000,461.079204,0.000000,0.000000,79.451538,29.247151,0.219956,571.656393
0.000000,0.000000,464.667191,0.000000,0.000000,80.141308,31.886393,0.036333,575.407964
0.000000,0.000000,465.327483,0.000000,0.000000,80.554287,30.316112,0.236871,575.539620
0.000000,0.000000,463.488061,0.000000,0.000000,77.527204,31.537730,0.037311,584.461345
0.000000,0.000000,488.380447,0.000000,0.000000,76.509843,28.332423,0.244743,603.101782
0.000000,0.000000,473.810217,0.000000,0.000000,75.821580,28.795469,0.033259,584.160001
0.000000,0.000000,464.425108,0.000000,0.000000,75.512955,28.357359,0.208024,577.739424
0.000000,0.000000,463.987095,0.000000,0.000000,73.940757,28.674412,0.026929,576.236225
0.000000,0.000000,465.505910,0.000000,0.000000,72.730559,26.346403,0.196465,575.851500
0.000000,0.000000,465.250663,0.000000,0.000000,69.353315,26.366126,0.028715,571.492381
0.000000,0.000000,472.351967,0.000000,0.000000,67.461810,24.071589,0.038879,578.188061
0.000000,0.000000,473.692569,0.000000,0.000000,68.665355,24.820936,0.219597,578.961954
0.000000,0.000000,463.013377,0.000000,0.000000,71.651907,25.604813,0.022569,566.861836
0.000000,0.000000,487.926178,0.000000,0.000000,72.035875,25.240320,0.256835,588.958946
0.000000,0.000000,465.307464,0.000000,0.000000,71.754431,24.470463,0.024029,562.158170
0.000000,0.000000,473.662924,0.000000,0.000000,72.835191,23.812327,0.022390,566.565071
0.000000,0.000000,466.531256,0.000000,0.000000,76.645901,24.841834,0.230680,561.272588
0.000000,0.000000,466.294057,0.000000,0.000000,76.044208,23.468749,0.019921,564.668304
0.000000,0.000000,475.664683,0.000000,0.000000,71.610982,22.919768,0.020636,574.231873
0.000000,0.000000,473.063879,0.000000,0.000000,70.978586,23.937909,0.239322,570.470205
0.000000,0.000000,466.109236,0.000000,0.000000,68.106182,21.990261,0.020266,563.909038
0.000000,0.000000,473.948210,0.000000,0.000000,67.960484,23.192092,0.222463,576.781699
0.000000,0.000000,467.144962,0.000000,0.000000,76.891120,0.649165,0.016926,567.786315
0.000000,0.000000,461.189157,0.000000,0.000000,75.579424,0.757674,0.016337,556.744039
0.000000,0.000000,463.813625,0.000000,0.000000,71.863291,23.770991,0.016494,559.980010
0.000000,0.000000,465.159963,0.000000,0.000000,75.005773,24.138513,0.290257,556.421037
0.000000,0.000000,460.207717,0.000000,0.000000,75.499449,23.971794,0.015676,552.927261
0.000000,0.000000,498.059256,0.000000,0.000000,76.842111,26.167381,0.016571,576.853247
0.000000,0.000000,467.413254,0.000000,0.000000,79.897194,32.569071,0.014667,544.761905
0.000000,0.000000,464.988011,0.000000,0.000000,75.686677,28.865367,0.249941,561.645332
0.000000,0.000000,463.192668,0.000000,0.000000,72.810432,26.491576,0.023318,564.063581
0.000000,0.000000,477.563687,0.000000,0.000000,72.826347,37.410027,0.227195,578.269324
0.000000,0.000000,463.088719,0.000000,0.000000,73.134518,28.054783,0.022112,567.227862
0.000000,0.000000,473.499358,0.000000,0.000000,79.088542,29.612657,0.245339,587.131171
0.000000,0.000000,473.667156,0.000000,0.000000,74.925974,27.927951,0.026467,579.589469
0.000000,0.000000,468.694267,0.000000,0.000000,72.801113,30.409413,0.241790,569.013541
0.000000,0.000000,465.973316,0.000000,0.000000,77.090284,32.741506,0.025487,577.396405
0.000000,0.000000,469.935379,0.000000,0.000000,79.430275,30.927235,0.216714,572.330180
0.000000,0.000000,464.720391,0.000000,0.000000,77.527933,34.909341,0.215661,574.869152
0.000000,0.000000,467.594362,0.000000,0.000000,79.595718,32.383867,0.038067,571.610243
0.000000,0.000000,463.013856,0.000000,0.000000,82.098723,30.034312,0.212661,568.100426
0.000000,0.000000,464.535100,0.000000,0.000000,76.826135,28.577121,0.035740,575.558140
0.000000,0.000000,465.461408,0.000000,0.000000,75.670910,28.294224,0.046643,577.226749
0.000000,0.000000,474.893685,0.000000,0.000000,80.375382,32.339524,0.044209,588.821827
0.000000,0.000000,462.401194,0.000000,0.000000,84.697249,33.555529,0.120979,575.729849
0.000000,0.000000,475.450521,0.000000,0.000000,83.696339,29.675721,0.239816,589.013042
0.000000,0.000000,473.514670,0.000000,0.000000,91.603265,35.290716,0.031247,580.154319
0.000000,0.000000,460.382547,0.000000,0.000000,91.067297,34.098801,0.262546,565.573326
0.000000,0.000000,474.283445,0.000000,0.000000,80.599337,31.172574,0.209935,588.399015
0.000000,0.000000,465.166841,0.000000,0.000000,85.496260,38.235347,0.042189,585.099459
0.000000,0.000000,461.107003,0.000000,0.000000,88.181199,35.815878,0.270233,575.997828
0.000000,0.000000,460.595488,0.000000,0.000000,86.651388,32.271245,0.043615,588.739804
0.000000,0.000000,462.100775,0.000000,0.000000,87.472467,30.623234,0.047480,588.610033
0.000000,0.000000,462.969157,0.000000,0.000000,92.220289,43.094531,0.047679,576.062090
0.000000,0.000000,519.473574,0.000000,0.000000,98.040525,32.941920,0.045566,644.861489
0.000000,0.000000,467.870170,0.000000,0.000000,93.419022,29.792473,0.040997,593.617129
0.000000,0.000000,462.552560,0.000000,0.000000,93.940685,34.354255,0.314131,582.808262
0.000000,0.000000,464.960262,0.000000,0.000000,92.772253,31.836587,0.036329,584.296870
0.000000,0.000000,478.495964,0.000000,0.000000,87.814506,32.931614,0.360483,615.265574
0.000000,0.000000,465.139778,0.000000,0.000000,95.232206,36.763929,0.033117,597.406110
0.000000,0.000000,463.695273,0.000000,0.000000,101.957309,33.691422,0.244749,588.209351
0.000000,0.000000,481.154050,0.000000,0.000000,99.419372,32.551128,0.039861,611.489384
0.000000,0.000000,466.806890,0.000000,0.000000,98.925969,32.952046,0.043422,592.738354
0.000000,0.000000,478.277430,0.000000,0.000000,101.935272,34.620129,0.039296,607.093198
0.000000,0.000000,465.236589,0.000000,0.000000,98.940642,33.270633,0.040022,598.440163
0.000000,0.000000,465.436038,0.000000,0.000000,101.664564,43.566225,0.041147,602.442467
0.000000,0.000000,475.031563,0.000000,0.000000,103.503046,33.797203,0.050153,608.238340
0.000000,0.000000,477.053070,0.000000,0.000000,102.015957,33.595416,0.229606,610.152192
0.000000,0.000000,463.564800,0.000000,0.000000,99.644543,32.873719,0.248149,601.328432
0.000000,0.000000,461.460576,0.000000,0.000000,105.041082,39.342028,0.304098,594.925460
0.000000,0.000000,466.719493,0.000000,0.000000,98.761460,36.178233,0.276810,613.224669
0.000000,0.000000,475.126616,0.000000,0.000000,95.245132,38.458870,0.230240,613.752892
0.000000,0.000000,466.197190,0.000000,0.000000,98.584176,37.111804,0.225599,603.155587
0.000000,0.000000,471.264834,0.000000,0.000000,90.532914,35.413802,0.229644,605.290004
0.000000,0.000000,472.040386,0.000000,0.000000,75.434258,36.491532,0.225171,618.117025
0.000000,0.000000,481.519398,0.000000,0.000000,76.164733,32.774981,0.230884,617.934334
0.000000,0.000000,473.897579,0.000000,0.000000,90.481794,39.257120,0.229740,609.040374
0.000000,0.000000,467.825426,0.000000,0.000000,82.719325,31.216409,0.256840,605.103666
0.000000,0.000000,464.345301,0.000000,0.000000,70.924859,29.431410,0.268277,591.668605
0.000000,0.000000,471.458614,0.000000,0.000000,69.922660,27.179608,0.240424,584.699748
0.000000,0.000000,461.043565,0.000000,0.000000,71.281736,33.330181,0.238973,571.298233
0.000000,0.000000,477.167078,0.000000,0.000000,74.768003,29.211672,0.031150,608.231412
0.000000,0.000000,464.023436,0.000000,0.000000,71.885102,28.728606,0.223674,579.511843
0.000000,0.000000,468.554649,0.000000,0.000000,73.662967,30.505636,0.225377,570.471567
0.000000,0.000000,465.024743,0.000000,0.000000,73.476254,30.836620,0.346341,563.411148
0.000000,0.000000,463.702782,0.000000,0.000000,73.061254,33.634208,0.261913,569.625803
0.000000,0.000000,465.103292,0.000000,0.000000,74.704010,31.101512,0.244848,570.222158
0.000000,0.000000,466.770015,0.000000,0.000000,72.662238,32.470073,0.248887,568.729971
0.000000,0.000000,464.920933,0.000000,0.000000,69.523042,28.725567,0.188943,570.453008
0.000000,0.000000,467.687287,0.000000,0.000000,61.226226,27.523207,0.191249,573.852328
0.000000,0.000000,466.249879,0.000000,0.000000,60.101959,28.245664,0.217397,574.484848
0.000000,0.000000,464.393541,0.000000,0.000000,65.171548,27.218607,0.200487,571.582415
0.000000,0.000000,465.617784,0.000000,0.000000,60.933360,25.933977,0.194975,572.255202
0.000000,0.000000,482.334191,0.000000,0.000000,60.311808,26.503188,0.187628,581.949743
0.000000,0.000000,464.371998,0.000000,0.000000,61.383470,26.900547,0.258964,554.387486
0.000000,0.000000,471.693175,0.000000,0.000000,60.874134,26.492822,0.251378,561.366781
0.000000,0.000000,473.008261,0.000000,0.000000,57.197123,24.221444,0.157341,569.667774
0.000000,0.000000,464.242648,0.000000,0.000000,53.659876,23.955045,0.226215,552.466887
0.000000,0.000000,463.317623,0.000000,0.000000,59.162583,28.211793,0.221944,551.276939
0.000000,0.000000,465.159193,0.000000,0.000000,67.769262,29.400981,0.241737,554.821554
0.000000,0.000000,467.248022,0.000000,0.000000,69.158017,27.612256,0.022582,556.020179
0.000000,0.000000,461.988507,0.000000,0.000000,66.451373,25.970044,0.229547,544.422208
0.000000,0.000000,463.018568,0.000000,0.000000,65.870639,28.610989,0.272854,541.816654
0.000000,0.000000,464.149723,0.000000,0.000000,70.006996,28.604060,0.254976,552.818422
0.000000,0.000000,464.834987,0.000000,0.000000,72.597687,34.830946,0.259599,563.518085
0.000000,0.000000,464.431052,0.000000,0.000000,65.360844,28.406218,0.208983,562.347522
0.000000,0.000000,461.832802,0.000000,0.000000,64.609341,39.873528,0.219223,555.649686
0.000000,0.000000,464.816265,0.000000,0.000000,65.504338,30.129191,0.258378,560.631801
0.000000,0.000000,466.916076,0.000000,0.000000,62.006320,40.484060,0.230046,566.969910
0.000000,0.000000,458.429782,0.000000,0.000000,67.631649,33.183672,0.210791,567.267667
0.000000,0.000000,463.210219,0.000000,0.000000,75.850905,35.595077,0.021836,558.367359
0.000000,0.000000,464.785954,0.000000,0.000000,82.749575,38.218033,0.243113,571.220829
0.000000,0.000000,465.805623,0.000000,0.000000,86.144468,36.930201,0.027448,562.771465
0.000000,0.000000,512.165129,0.000000,0.000000,90.919845,40.498948,0.262243,615.947939
0.000000,0.000000,464.685621,0.000000,0.000000,84.810038,33.424391,0.034718,566.773938
0.000000,0.000000,460.743492,0.000000,0.000000,80.185078,34.579793,0.279866,573.423562
0.000000,0.000000,466.098742,0.000000,0.000000,89.989118,36.411103,0.031502,588.459252
0.000000,0.000000,467.353458,0.000000,0.000000,87.587987,32.553160,0.249305,591.723031
0.000000,0.000000,474.007951,0.000000,0.000000,93.095855,37.634483,0.339038,606.847702
0.000000,0.000000,476.321313,0.000000,0.000000,101.682901,35.846181,0.234862,596.269298
0.000000,0.000000,464.173015,0.000000,0.000000,97.240108,36.337545,0.241477,580.392732
0.000000,0.000000,466.659830,0.000000,0.000000,96.372468,37.904157,0.029406,594.368673
0.000000,0.000000,467.611415,0.000000,0.000000,98.265357,35.048405,0.235060,589.193660
0.000000,0.000000,462.345959,0.000000,0.000000,96.750610,34.941147,0.272370,594.981772
0.000000,0.000000,466.126338,0.000000,0.000000,93.523054,34.026762,0.032359,605.056545
0.000000,0.000000,467.506395,0.000000,0.000000,84.817238,32.242182,0.234570,602.673518
0.000000,0.000000,476.629589,0.000000,0.000000,82.427150,34.788265,0.298067,612.280178
0.000000,0.000000,469.166982,0.000000,0.000000,81.795568,39.608300,0.218164,603.826257
0.000000,0.000000,465.391999,0.000000,0.000000,79.712507,32.150776,0.236357,598.511274
0.000000,0.000000,464.670775,0.000000,0.000000,80.527444,30.688849,0.046843,593.344207
0.000000,0.000000,482.830702,0.000000,0.000000,82.563373,30.301329,0.368094,601.269417
0.000000,0.000000,467.589849,0.000000,0.000000,83.237925,31.336444,0.040066,586.350357
0.000000,0.000000,465.572544,0.000000,0.000000,82.439578,30.463802,0.223632,588.310582
0.000000,0.000000,459.297831,0.000000,0.000000,80.630003,30.693829,0.223838,572.455247
0.000000,0.000000,466.115228,0.000000,0.000000,82.074577,32.118172,0.032330,578.890553
0.000000,0.000000,466.762200,0.000000,0.000000,85.431841,32.424141,0.216835,581.411408
0.000000,0.000000,474.091445,0.000000,0.000000,86.963196,32.284790,0.232348,589.974767
0.000000,0.000000,475.639320,0.000000,0.000000,80.060833,29.392969,0.031346,589.902464
0.000000,0.000000,468.646041,0.000000,0.000000,83.630087,32.053707,0.248585,581.379581
0.000000,0.000000,476.185151,0.000000,0.000000,82.654141,30.555512,0.315595,591.642042
0.000000,0.000000,466.794236,0.000000,0.000000,81.107627,31.711383,0.291689,585.999647
0.000000,0.000000,489.340054,0.000000,0.000000,83.113235,31.715789,0.210533,609.931121
0.000000,0.000000,467.256136,0.000000,0.000000,82.252781,30.512019,0.231764,577.976928
0.000000,0.000000,685.031086,0.000000,0.000000,82.444350,32.327431,0.232266,802.292326
0.000000,0.000000,460.511698,0.000000,0.000000,90.221881,33.708386,0.024423,575.292816
0.000000,0.000000,463.889044,0.000000,0.000000,86.085014,29.360107,0.235041,578.225285
0.000000,0.000000,463.685494,0.000000,0.000000,83.238005,30.936655,0.201395,579.812389
0.000000,0.000000,466.218496,0.000000,0.000000,78.384809,31.147192,0.291094,583.578183
0.000000,0.000000,464.896312,0.000000,0.000000,85.530624,31.566599,0.245079,581.343326
0.000000,0.000000,461.450503,0.000000,0.000000,85.594168,32.059593,0.028539,586.714971
0.000000,0.000000,462.225221,0.000000,0.000000,88.075752,31.043595,0.247620,578.988744
0.000000,0.000000,622.430926,0.000000,0.000000,93.353415,32.898022,0.342155,738.007734
0.000000,0.000000,474.362009,0.000000,0.000000,98.207302,33.875448,0.227878,585.442850
0.000000,0.000000,464.452863,0.000000,0.000000,91.622231,29.776360,0.231503,582.962644
0.000000,0.000000,460.294509,0.000000,0.000000,91.690275,41.528430,0.253090,579.192697
0.000000,0.000000,467.214497,0.000000,0.000000,97.268100,31.775321,0.214249,587.695408
0.000000,0.000000,462.286472,0.000000,0.000000,92.741436,30.075714,0.267369,590.213418
0.000000,0.000000,466.325242,0.000000,0.000000,91.838158,32.335339,0.300030,599.710043
0.000000,0.000000,465.700135,0.000000,0.000000,88.847399,30.923993,0.021945,588.316039
0.000000,0.000000,479.811596,0.000000,0.000000,85.131252,30.005869,0.207248,616.998041
0.000000,0.000000,463.548456,0.000000,0.000000,86.159665,31.065344,0.020357,593.935865
0.000000,0.000000,465.919142,0.000000,0.000000,85.570828,30.503125,0.362684,590.111333
0.000000,0.000000,467.673562,0.000000,0.000000,84.793988,30.896013,0.029608,596.179784
0.000000,0.000000,461.388078,0.000000,0.000000,86.869555,31.507527,0.239101,582.433719
0.000000,0.000000,463.222844,0.000000,0.000000,85.792000,33.115234,0.266897,579.676026
0.000000,0.000000,465.212951,0.000000,0.000000,89.189566,35.172878,0.322512,583.846781
0.000000,0.000000,464.894300,0.000000,0.000000,92.558826,31.246768,0.256752,582.699743
0.000000,0.000000,461.193083,0.000000,0.000000,81.501621,31.030822,0.202172,578.152277
0.000000,0.000000,464.513375,0.000000,0.000000,77.541919,31.656005,0.034277,584.247584
0.000000,0.000000,461.093008,0.000000,0.000000,82.449569,31.591020,0.248711,581.410471
0.000000,0.000000,498.293693,0.000000,0.000000,81.023127,30.674539,0.228671,624.327301
0.000000,0.000000,464.043535,0.000000,0.000000,81.197521,31.702679,0.026605,589.254392
0.000000,0.000000,465.927763,0.000000,0.000000,87.379391,31.462687,0.242626,579.830343
0.000000,0.000000,484.039596,0.000000,0.000000,89.911938,37.960028,0.250597,594.847464
0.000000,0.000000,469.914419,0.000000,0.000000,88.385458,36.478499,0.235199,585.347917
0.000000,0.000000,463.502184,0.000000,0.000000,78.947576,31.027146,0.220999,576.599579
0.000000,0.000000,465.710838,0.000000,0.000000,73.660603,34.058932,0.229303,580.059137
0.000000,0.000000,475.612154,0.000000,0.000000,76.168938,35.233373,0.028203,595.857658
0.000000,0.000000,476.259456,0.000000,0.000000,76.764014,33.359115,0.289834,605.671108
0.000000,0.000000,461.277266,0.000000,0.000000,77.597970,33.407441,0.235083,587.558926
0.000000,0.000000,460.603579,0.000000,0.000000,74.859381,31.683519,0.215528,571.853219
0.000000,0.000000,459.833810,0.000000,0.000000,75.660558,34.131844,0.229741,568.828128
0.000000,0.000000,463.558321,0.000000,0.000000,83.489084,39.030987,0.289361,576.118129
0.000000,0.000000,460.979127,0.000000,0.000000,80.419570,35.126652,0.222140,572.566323
0.000000,0.000000,466.303564,0.000000,0.000000,77.854881,33.969755,0.224150,578.599299
0.000000,0.000000,461.378465,0.000000,0.000000,81.149554,33.083079,0.025772,569.248496
0.000000,0.000000,461.747905,0.000000,0.000000,80.044486,29.943548,0.231355,572.845077
0.000000,0.000000,467.208702,0.000000,0.000000,78.415440,29.484946,0.024124,591.107896
0.000000,0.000000,473.158078,0.000000,0.000000,77.522257,29.355768,0.040616,590.230077
0.000000,0.000000,467.645110,0.000000,0.000000,72.632510,29.793985,0.214927,580.900939
0.000000,0.000000,469.395427,0.000000,0.000000,71.147544,33.294618,0.205378,584.965247
0.000000,0.000000,465.576122,0.000000,0.000000,78.243008,33.034411,0.220028,577.344887
0.000000,0.000000,465.405033,0.000000,0.000000,78.497530,32.970691,0.212055,574.463517
0.000000,0.000000,461.643126,0.000000,0.000000,74.001647,36.433493,0.311206,569.861287
0.000000,0.000000,461.128943,0.000000,0.000000,72.758638,34.806810,0.204987,565.021066
0.000000,0.000000,466.580464,0.000000,0.000000,72.872649,28.970479,0.214767,573.170950
0.000000,0.000000,466.974991,0.000000,0.000000,68.737291,28.380986,0.198594,580.053421
0.000000,0.000000,462.854736,0.000000,0.000000,66.689340,27.724688,0.195646,575.631108
0.000000,0.000000,463.523318,0.000000,0.000000,62.616530,26.575093,0.219367,575.519266
0.000000,0.000000,460.176857,0.000000,0.000000,62.652778,28.063749,0.296334,568.954401
0.000000,0.000000,460.457278,0.000000,0.000000,62.494555,27.142737,0.205691,563.509935
0.000000,0.000000,482.128193,0.000000,0.000000,62.093779,25.763377,0.189103,580.573126
0.000000,0.000000,465.576849,0.000000,0.000000,63.170051,25.686843,0.017277,561.544318
0.000000,0.000000,476.851176,0.000000,0.000000,61.997133,23.425331,0.232886,567.487961
0.000000,0.000000,465.161758,0.000000,0.000000,60.058153,24.899499,0.016209,557.393822
0.000000,0.000000,465.394325,0.000000,0.000000,60.601719,24.820751,0.225849,556.467944
0.000000,0.000000,461.090315,0.000000,0.000000,62.659655,24.941985,0.177583,550.361161
0.000000,0.000000,460.279914,0.000000,0.000000,62.779114,25.391057,0.334044,550.132027
0.000000,0.000000,477.694887,0.000000,0.000000,61.215365,25.608937,0.187845,564.368965
0.000000,0.000000,461.492492,0.000000,0.000000,59.781057,28.800820,0.174679,547.872882
0.000000,0.000000,460.066114,0.000000,0.000000,58.857445,25.457036,0.018624,546.711514
0.000000,0.000000,458.813108,0.000000,0.000000,54.749645,23.028096,0.182852,547.537593
0.000000,0.000000,475.485853,0.000000,0.000000,55.033134,25.456113,0.014241,565.062198
0.000000,0.000000,460.478549,0.000000,0.000000,61.859267,24.358498,0.304836,548.483776
0.000000,0.000000,465.403776,0.000000,0.000000,61.022447,24.001511,0.018073,555.905247
0.000000,0.000000,460.716689,0.000000,0.000000,60.409918,26.010509,0.213714,546.348217
0.000000,0.000000,465.720375,0.000000,0.000000,66.166229,29.227635,0.190328,544.617228
0.000000,0.000000,463.344120,0.000000,0.000000,70.355086,26.535833,0.017133,544.864802
0.000000,0.000000,462.595523,0.000000,0.000000,65.770421,26.030291,0.271307,550.425586
0.000000,0.000000,459.456353,0.000000,0.000000,60.284756,24.974696,0.263577,545.683256
0.000000,0.000000,464.687931,0.000000,0.000000,60.497667,25.018618,0.013005,552.361108
0.000000,0.000000,464.768764,0.000000,0.000000,59.924392,27.446152,0.195398,561.488081
0.000000,0.000000,463.732599,0.000000,0.000000,64.824119,28.118581,0.018519,561.788782
0.000000,0.000000,463.770737,0.000000,0.000000,70.272343,29.260878,0.220556,556.946908
0.000000,0.000000,473.793289,0.000000,0.000000,66.803358,30.898539,0.198294,560.326328
0.000000,0.000000,461.102802,0.000000,0.000000,63.258363,26.741466,0.202657,547.591104
0.000000,0.000000,478.888878,0.000000,0.000000,67.475637,29.666326,0.204558,567.574756
0.000000,0.000000,466.651906,0.000000,0.000000,66.427321,27.627043,0.189046,560.704637
0.000000,0.000000,467.802372,0.000000,0.000000,56.913684,25.836785,0.206118,568.578080
0.000000,0.000000,466.560517,0.000000,0.000000,62.208980,32.959967,0.204937,565.439099
0.000000,0.000000,462.210042,0.000000,0.000000,76.477687,33.500141,0.025617,553.687223
0.000000,0.000000,462.698377,0.000000,0.000000,67.854098,28.901675,0.297325,561.038955
0.000000,0.000000,460.890088,0.000000,0.000000,70.074546,33.688353,0.021775,556.252015
0.000000,0.000000,486.192969,0.000000,0.000000,80.303646,33.509955,0.225645,570.365184
0.000000,0.000000,477.129822,0.000000,0.000000,79.952353,34.305012,0.028477,573.557327
0.000000,0.000000,476.225540,0.000000,0.000000,79.569705,31.509812,0.230584,587.483273
0.000000,0.000000,474.454534,0.000000,0.000000,85.413642,37.273846,0.031534,583.194042
0.000000,0.000000,477.557272,0.000000,0.000000,89.990297,33.758629,0.028432,582.535028
0.000000,0.000000,462.188868,0.000000,0.000000,86.120123,28.662494,0.027004,577.290847
0.000000,0.000000,459.526499,0.000000,0.000000,84.294183,28.350338,0.027714,575.100551
0.000000,0.000000,483.164945,0.000000,0.000000,80.577423,28.059692,0.026770,595.549005
0.000000,0.000000,462.300864,0.000000,0.000000,80.564586,27.867166,0.028664,586.288885
0.000000,0.000000,470.290546,0.000000,0.000000,81.026396,29.289666,0.218168,595.228867
0.000000,0.000000,462.371887,0.000000,0.000000,81.788128,36.395679,0.031165,578.341216
0.000000,0.000000,464.845869,0.000000,0.000000,80.731658,28.669893,0.285445,578.720140
0.000000,0.000000,467.832377,0.000000,0.000000,74.823727,26.888427,0.219523,577.598869
0.000000,0.000000,469.051452,0.000000,0.000000,77.906919,28.565669,0.023316,578.737941
0.000000,0.000000,475.131090,0.000000,0.000000,78.276682,28.656611,0.218772,586.915414
0.000000,0.000000,465.519804,0.000000,0.000000,78.121380,27.795599,0.035706,585.587202
0.000000,0.000000,466.280164,0.000000,0.000000,78.721902,27.499513,0.447991,577.211882
0.000000,0.000000,464.214657,0.000000,0.000000,76.325193,31.419889,0.228253,567.377394
0.000000,0.000000,461.620634,0.000000,0.000000,72.990853,28.836462,0.220810,569.391739
0.000000,0.000000,465.889095,0.000000,0.000000,79.366036,31.383734,0.236111,574.110895
0.000000,0.000000,466.680851,0.000000,0.000000,83.481677,29.127575,0.240052,573.807019
0.000000,0.000000,461.074494,0.000000,0.000000,80.055090,28.455370,0.020479,569.149285
0.000000,0.000000,459.786975,0.000000,0.000000,87.554681,32.383586,0.252535,568.878080
0.000000,0.000000,460.334214,0.000000,0.000000,93.284562,31.244106,0.024597,563.584311
0.000000,0.000000,470.493627,0.000000,0.000000,82.488383,30.722899,0.282817,583.088138
0.000000,0.000000,480.485611,0.000000,0.000000,94.203816,34.454059,0.021907,594.518293
0.000000,0.000000,461.192834,0.000000,0.000000,93.395971,31.425268,0.240162,570.935289
0.000000,0.000000,464.541393,0.000000,0.000000,92.518454,32.983380,0.026086,586.105609
0.000000,0.000000,465.098805,0.000000,0.000000,91.948886,30.051343,0.295131,590.876382
0.000000,0.000000,461.746594,0.000000,0.000000,91.517419,35.030388,0.023272,576.341120
0.000000,0.000000,466.783637,0.000000,0.000000,100.824872,35.335243,0.251851,596.671420
0.000000,0.000000,466.226771,0.000000,0.000000,98.518898,35.354608,0.232979,592.501216
0.000000,0.000000,462.778472,0.000000,0.000000,99.020186,32.839889,0.250584,589.505229
0.000000,0.000000,464.327198,0.000000,0.000000,102.765395,36.109238,0.022806,587.837670
0.000000,0.000000,468.095291,0.000000,0.000000,99.604399,33.454164,0.260431,596.570521
0.000000,0.000000,475.372543,0.000000,0.000000,90.285559,33.645060,0.018904,612.953546
0.000000,0.000000,463.888558,0.000000,0.000000,93.488579,34.676870,0.345143,599.065578
0.000000,0.000000,466.471567,0.000000,0.000000,104.185812,37.443057,0.020067,599.766718
0.000000,0.000000,476.791622,0.000000,0.000000,103.573419,32.830630,0.306449,616.964369
0.000000,0.000000,467.926888,0.000000,0.000000,106.111680,34.382985,0.020336,602.380770
0.000000,0.000000,461.568635,0.000000,0.000000,105.748772,32.658207,0.262404,586.568646
0.000000,0.000000,465.288088,0.000000,0.000000,105.823123,34.404482,0.023182,594.965544
0.000000,0.000000,462.248705,0.000000,0.000000,105.819695,33.241408,0.250729,605.133131
0.000000,0.000000,472.999479,0.000000,0.000000,105.470687,34.710461,0.019328,610.933565
0.000000,0.000000,461.249289,0.000000,0.000000,99.288148,32.232207,0.290125,603.060002
0.000000,0.000000,462.810436,0.000000,0.000000,92.519216,29.651938,0.022114,602.607522
0.000000,0.000000,468.533686,0.000000,0.000000,80.478818,26.831448,0.239108,610.008803
0.000000,0.000000,465.938140,0.000000,0.000000,85.196224,33.210010,0.022731,606.288712
0.000000,0.000000,475.092697,0.000000,0.000000,88.022059,29.348049,0.223360,616.513941
0.000000,0.000000,465.938702,0.000000,0.000000,83.082327,31.373092,0.267627,598.863663
0.000000,0.000000,466.408081,0.000000,0.000000,85.356643,35.030517,0.019418,589.870265
0.000000,0.000000,463.908275,0.000000,0.000000,86.582973,31.756144,0.232646,572.657329
0.000000,0.000000,471.219083,0.000000,0.000000,88.082029,32.263550,0.241906,590.976496
0.000000,0.000000,472.774285,0.000000,0.000000,86.878333,31.653612,0.023868,591.425179
0.000000,0.000000,472.948744,0.000000,0.000000,82.293422,29.552725,0.225953,588.775477
0.000000,0.000000,464.955892,0.000000,0.000000,81.243411,29.830588,0.234471,586.524823
0.000000,0.000000,475.021138,0.000000,0.000000,79.506616,30.758859,0.211733,594.667615
0.000000,0.000000,460.184973,0.000000,0.000000,77.084889,30.965967,0.207993,582.181293
0.000000,0.000000,473.290580,0.000000,0.000000,79.518794,43.530774,0.020684,593.108377
0.000000,0.000000,475.295838,0.000000,0.000000,78.389901,28.768928,0.226679,588.526573
0.000000,0.000000,464.088189,0.000000,0.000000,77.546277,30.138353,0.021767,576.495670
0.000000,0.000000,468.013569,0.000000,0.000000,79.065579,36.937734,0.236888,579.634883
0.000000,0.000000,476.378954,0.000000,0.000000,83.146534,34.620836,0.302330,585.784899
0.000000,0.000000,469.538494,0.000000,0.000000,83.450251,35.611034,0.221915,593.840093
0.000000,0.000000,466.191730,0.000000,0.000000,82.254101,32.923555,0.022742,574.804904
0.000000,0.000000,466.690050,0.000000,0.000000,83.814643,32.711668,0.302194,575.448033
0.000000,0.000000,464.289862,0.000000,0.000000,79.774380,31.253957,0.019244,581.580301
0.000000,0.000000,466.190992,0.000000,0.000000,76.792631,31.935647,0.211538,585.365952
0.000000,0.000000,462.973426,0.000000,0.000000,75.529667,29.046581,0.212365,583.545879
0.000000,0.000000,468.526449,0.000000,0.000000,73.119757,30.189393,0.020701,584.990303
0.000000,0.000000,468.176229,0.000000,0.000000,66.521650,27.009777,0.225117,586.432119
0.000000,0.000000,462.472733,0.000000,0.000000,66.151405,29.803787,0.019639,574.590576
0.000000,0.000000,499.334684,0.000000,0.000000,71.424606,29.065811,0.230998,609.359093
0.000000,0.000000,463.904725,0.000000,0.000000,69.513017,27.262935,0.196906,569.695221
0.000000,0.000000,465.031582,0.000000,0.000000,66.717607,26.417181,0.194057,569.483103
0.000000,0.000000,462.191425,0.000000,0.000000,66.048935,26.658202,0.018693,557.042890
0.000000,0.000000,471.263624,0.000000,0.000000,64.236732,25.080091,0.221082,568.448885
0.000000,0.000000,465.561066,0.000000,0.000000,60.117105,26.502391,0.015358,567.316283
0.000000,0.000000,478.127202,0.000000,0.000000,57.053142,24.249509,0.226799,576.316685
0.000000,0.000000,463.475433,0.000000,0.000000,54.136305,23.892674,0.015583,558.026406
0.000000,0.000000,466.994394,0.000000,0.000000,59.203395,25.170167,0.199875,560.792970
0.000000,0.000000,460.280690,0.000000,0.000000,62.242147,25.182316,0.170138,550.824529
0.000000,0.000000,463.734761,0.000000,0.000000,58.421103,23.425730,0.228097,551.422711
0.000000,0.000000,541.892316,0.000000,0.000000,58.124699,23.645859,0.168134,624.459626
0.000000,0.000000,468.862261,0.000000,0.000000,54.574611,20.817503,0.178662,547.945665
0.000000,0.000000,459.618952,0.000000,0.000000,52.347097,23.236535,0.328589,545.157787
0.000000,0.000000,460.360858,0.000000,0.000000,56.108170,23.276510,0.166329,549.361378
0.000000,0.000000,463.385752,0.000000,0.000000,55.327248,23.851442,0.010584,546.455708
0.000000,0.000000,463.091307,0.000000,0.000000,50.563204,21.389897,0.221320,546.023425
0.000000,0.000000,497.223067,0.000000,0.000000,50.296749,20.480123,0.010623,574.083963
0.000000,0.000000,458.424606,0.000000,0.000000,51.241674,22.676663,0.216167,535.653740
0.000000,0.000000,459.574499,0.000000,0.000000,52.833611,21.545176,0.010707,540.047947
0.000000,0.000000,464.164435,0.000000,0.000000,52.934802,29.211661,0.190259,544.430185
0.000000,0.000000,463.439368,0.000000,0.000000,55.898139,24.166715,0.010427,536.554125
0.000000,0.000000,461.802134,0.000000,0.000000,56.672552,21.811001,0.176537,533.770785
0.000000,0.000000,475.019885,0.000000,0.000000,55.142927,24.058586,0.171969,550.076955
0.000000,0.000000,467.527337,0.000000,0.000000,59.648290,25.304345,0.012939,542.901947
0.000000,0.000000,465.198315,0.000000,0.000000,60.597820,24.174386,0.251560,549.189540
0.000000,0.000000,461.444925,0.000000,0.000000,63.038375,26.498969,0.019749,542.449295
0.000000,0.000000,466.266532,0.000000,0.000000,69.717316,30.887963,0.286475,546.115234
0.000000,0.000000,473.301968,0.000000,0.000000,64.875646,27.151642,0.273908,553.668361
0.000000,0.000000,465.872726,0.000000,0.000000,63.981306,26.495924,0.222123,551.845383
0.000000,0.000000,466.473137,0.000000,0.000000,70.415054,27.472274,0.013767,561.536908
0.000000,0.000000,466.270498,0.000000,0.000000,69.726034,28.028763,0.212195,556.982872
0.000000,0.000000,465.045096,0.000000,0.000000,72.758226,30.832958,0.015000,567.206253
0.000000,0.000000,463.219624,0.000000,0.000000,71.837228,31.899924,0.278891,556.794724
0.000000,0.000000,459.597336,0.000000,0.000000,71.816283,32.636925,0.019597,551.573594
0.000000,0.000000,465.040975,0.000000,0.000000,76.393061,32.367262,0.287574,563.986036
0.000000,0.000000,464.973143,0.000000,0.000000,73.831715,29.460806,0.204826,563.993911
0.000000,0.000000,491.978907,0.000000,0.000000,73.050185,29.878670,0.192688,596.863347
0.000000,0.000000,461.040045,0.000000,0.000000,75.208097,29.158893,0.020561,576.885726
0.000000,0.000000,479.963924,0.000000,0.000000,78.268047,30.635843,0.197906,585.605030
0.000000,0.000000,464.649417,0.000000,0.000000,81.967319,28.636650,0.019968,574.969267
0.000000,0.000000,463.130752,0.000000,0.000000,78.396392,28.464017,0.279017,567.747075
0.000000,0.000000,478.434760,0.000000,0.000000,77.174590,27.745220,0.020186,582.682229
0.000000,0.000000,466.548333,0.000000,0.000000,80.014021,28.027151,0.310823,571.985136
0.000000,0.000000,484.915385,0.000000,0.000000,82.404483,28.341826,0.045251,595.334634
0.000000,0.000000,464.516956,0.000000,0.000000,81.914888,26.854969,0.019478,576.357234
0.000000,0.000000,469.101816,0.000000,0.000000,77.612362,26.259821,0.023446,577.555058
0.000000,0.000000,478.050113,0.000000,0.000000,78.517512,28.718432,0.018794,584.501654
0.000000,0.000000,470.352824,0.000000,0.000000,78.564491,26.410899,0.019382,581.569102
0.000000,0.000000,461.668336,0.000000,0.000000,74.572328,30.436568,0.205750,573.800804
0.000000,0.000000,477.808200,0.000000,0.000000,71.917564,29.679781,0.023153,587.633233
0.000000,0.000000,465.067413,0.000000,0.000000,72.692656,27.794689,0.027497,570.953548
0.000000,0.000000,470.496368,0.000000,0.000000,75.401945,26.941783,0.216040,581.522809
0.000000,0.000000,458.972107,0.000000,0.000000,75.097400,27.028689,0.020283,565.267453
0.000000,0.000000,459.949523,0.000000,0.000000,78.210172,27.141121,0.020807,566.170909
0.000000,0.000000,466.618287,0.000000,0.000000,77.873001,27.130784,0.020087,570.265727
0.000000,0.000000,466.586134,0.000000,0.000000,74.262606,25.801271,0.021701,568.340534
0.000000,0.000000,460.778643,0.000000,0.000000,77.651611,28.172692,0.021489,564.475589
0.000000,0.000000,460.737202,0.000000,0.000000,79.144287,26.527607,0.282044,564.038813
0.000000,0.000000,460.706446,0.000000,0.000000,77.928146,28.074877,0.093937,567.205177
0.000000,0.000000,467.415927,0.000000,0.000000,80.353333,28.435045,0.023121,573.556438
0.000000,0.000000,470.850492,0.000000,0.000000,77.809941,26.362024,0.022654,572.017248
0.000000,0.000000,465.257878,0.000000,0.000000,76.971351,28.497059,0.019096,572.194143
0.000000,0.000000,465.076377,0.000000,0.000000,83.173656,29.802082,0.022786,572.242721
0.000000,0.000000,465.883205,0.000000,0.000000,83.555415,29.716669,0.522756,573.569597
0.000000,0.000000,471.923879,0.000000,0.000000,80.176021,36.194153,0.025612,581.840642
0.000000,0.000000,482.880961,0.000000,0.000000,80.705198,30.207550,0.220695,588.139005
0.000000,0.000000,488.242130,0.000000,0.000000,80.362826,28.195123,0.021948,594.933159
0.000000,0.000000,465.060411,0.000000,0.000000,80.104355,30.098657,0.022463,579.321326
0.000000,0.000000,466.426146,0.000000,0.000000,77.509965,27.817227,0.213667,581.523396
0.000000,0.000000,475.304410,0.000000,0.000000,73.622729,27.025461,0.022650,592.851748
0.000000,0.000000,466.991322,0.000000,0.000000,70.235129,26.680387,0.207875,579.123435
0.000000,0.000000,468.736570,0.000000,0.000000,70.935056,26.810889,0.274756,578.372755
0.000000,0.000000,464.702862,0.000000,0.000000,68.363026,24.685901,0.020198,576.025604
0.000000,0.000000,464.115156,0.000000,0.000000,65.523933,26.550504,0.200953,570.688030
0.000000,0.000000,467.136849,0.000000,0.000000,70.240658,25.376722,0.232319,568.914901
0.000000,0.000000,459.948595,0.000000,0.000000,72.436377,27.795120,0.218338,558.085087
0.000000,0.000000,467.560590,0.000000,0.000000,76.161689,28.290787,0.328021,566.800000
0.000000,0.000000,461.687649,0.000000,0.000000,77.251104,27.604144,0.016706,555.828436
0.000000,0.000000,467.923072,0.000000,0.000000,74.857637,27.047475,0.230868,561.626944
0.000000,0.000000,459.744232,0.000000,0.000000,72.985594,25.934162,0.016919,556.787897
0.000000,0.000000,464.615433,0.000000,0.000000,71.192912,27.777730,0.225638,566.233363
0.000000,0.000000,477.004221,0.000000,0.000000,73.208346,27.098628,0.022133,583.077207
0.000000,0.000000,464.645340,0.000000,0.000000,67.718002,28.726959,0.273986,571.044331
0.000000,0.000000,459.349594,0.000000,0.000000,64.795764,26.646387,0.029609,562.846942
0.000000,0.000000,459.941697,0.000000,0.000000,71.527662,26.844055,0.233715,560.277967
0.000000,0.000000,459.199189,0.000000,0.000000,74.030715,26.619593,0.021544,559.451211
0.000000,0.000000,464.020881,0.000000,0.000000,70.491558,26.533703,0.205058,565.639098
0.000000,0.000000,478.385775,0.000000,0.000000,72.466770,29.560287,0.017112,576.235719
0.000000,0.000000,476.040821,0.000000,0.000000,78.322322,29.274301,0.236854,568.846063
0.000000,0.000000,463.895976,0.000000,0.000000,76.912039,27.311724,0.020896,564.047250
0.000000,0.000000,470.090604,0.000000,0.000000,76.989390,29.598691,0.290497,571.900527
0.000000,0.000000,475.530627,0.000000,0.000000,78.537914,27.658091,0.213901,573.890713
0.000000,0.000000,465.617723,0.000000,0.000000,80.263351,30.252480,0.022705,568.736422
0.000000,0.000000,486.900528,0.000000,0.000000,79.864986,29.048892,0.227500,596.040309
0.000000,0.000000,468.161827,0.000000,0.000000,82.178362,29.049336,0.019825,573.560436
0.000000,0.000000,462.055251,0.000000,0.000000,86.340879,29.247893,0.245984,570.125849
0.000000,0.000000,460.546725,0.000000,0.000000,86.402406,28.825097,0.014123,568.056932
0.000000,0.000000,467.773800,0.000000,0.000000,85.483207,28.745419,0.200941,579.500607
0.000000,0.000000,464.574025,0.000000,0.000000,84.251485,29.880454,0.018037,574.951317
0.000000,0.000000,469.140887,0.000000,0.000000,82.732527,28.677706,0.021024,581.455185
0.000000,0.000000,465.181055,0.000000,0.000000,81.270525,29.166119,0.020707,582.787538
0.000000,0.000000,465.087333,0.000000,0.000000,80.078622,27.562439,0.237898,581.997300
0.000000,0.000000,466.596922,0.000000,0.000000,81.705811,29.210523,0.017279,582.177415
0.000000,0.000000,471.706212,0.000000,0.000000,82.297893,28.942735,0.016674,587.022342
0.000000,0.000000,465.213735,0.000000,0.000000,83.203879,28.912674,0.016436,577.774193
0.000000,0.000000,465.707931,0.000000,0.000000,81.119882,28.125646,0.223655,577.230908
0.000000,0.000000,462.229882,0.000000,0.000000,81.546221,29.763929,0.015292,571.133840
0.000000,0.000000,459.060070,0.000000,0.000000,78.449297,25.918049,0.022103,571.075668
0.000000,0.000000,469.283981,0.000000,0.000000,74.260014,27.335035,0.018651,581.722322
0.000000,0.000000,463.922850,0.000000,0.000000,74.869299,26.175174,0.318067,577.415976
0.000000,0.000000,466.611100,0.000000,0.000000,70.476645,26.555069,0.220648,577.236076
0.000000,0.000000,468.690798,0.000000,0.000000,71.487723,28.500212,0.020167,581.084378
0.000000,0.000000,466.887984,0.000000,0.000000,72.772894,26.165521,0.203768,572.390014
0.000000,0.000000,478.756689,0.000000,0.000000,66.717551,26.267304,0.198457,581.506217
0.000000,0.000000,473.691958,0.000000,0.000000,63.531080,26.318432,0.020927,576.726835
0.000000,0.000000,460.862973,0.000000,0.000000,69.623763,27.256511,0.243977,559.850724
0.000000,0.000000,461.945912,0.000000,0.000000,76.278503,28.484420,0.018442,563.367746
0.000000,0.000000,466.944210,0.000000,0.000000,75.693499,27.468036,0.208673,567.546854
0.000000,0.000000,464.973367,0.000000,0.000000,74.888689,28.424385,0.019801,559.184203
0.000000,0.000000,466.156631,0.000000,0.000000,80.432016,31.479750,0.219151,557.263310
0.000000,0.000000,459.591117,0.000000,0.000000,79.482560,27.010781,0.197409,557.931997
0.000000,0.000000,462.879956,0.000000,0.000000,75.498827,28.425900,0.017648,568.731993
0.000000,0.000000,459.839323,0.000000,0.000000,78.396023,29.153160,0.218315,564.771668
0.000000,0.000000,468.314276,0.000000,0.000000,73.323728,25.497926,0.197015,572.839791
0.000000,0.000000,468.549904,0.000000,0.000000,76.666254,30.972623,0.015602,582.009378
0.000000,0.000000,464.223010,0.000000,0.000000,88.430245,31.476095,0.305683,571.867688
0.000000,0.000000,468.212005,0.000000,0.000000,87.925923,30.741714,0.300512,573.360247
0.000000,0.000000,461.623287,0.000000,0.000000,87.089365,28.873204,0.018987,570.624182
0.000000,0.000000,463.768661,0.000000,0.000000,82.178745,27.775838,0.017938,564.003988
0.000000,0.000000,465.648173,0.000000,0.000000,77.250206,30.979549,0.219515,574.500124
0.000000,0.000000,470.356699,0.000000,0.000000,76.365424,27.393384,0.016630,592.353775
0.000000,0.000000,465.562155,0.000000,0.000000,78.101335,27.566771,0.210401,585.661379
0.000000,0.000000,467.660453,0.000000,0.000000,74.238181,29.217770,0.019875,584.774211
0.000000,0.000000,467.241686,0.000000,0.000000,75.999264,27.324248,0.254207,578.400300
0.000000,0.000000,463.798478,0.000000,0.000000,76.103069,26.104027,0.021205,573.924078
0.000000,0.000000,465.469781,0.000000,0.000000,73.196844,28.169882,0.227364,570.368885
0.000000,0.000000,472.753991,0.000000,0.000000,73.763430,29.110320,0.023080,579.629504
0.000000,0.000000,461.929369,0.000000,0.000000,74.800909,28.715934,0.211658,566.680150
0.000000,0.000000,468.053736,0.000000,0.000000,67.489087,30.987068,0.021576,572.821817
0.000000,0.000000,461.389678,0.000000,0.000000,67.913491,31.370769,0.210574,565.878261
0.000000,0.000000,467.178128,0.000000,0.000000,68.597267,27.632772,0.023445,571.078402
0.000000,0.000000,465.574612,0.000000,0.000000,66.801513,26.333470,0.193537,569.934168
0.000000,0.000000,464.408601,0.000000,0.000000,70.188923,27.489571,0.019950,569.204944
0.000000,0.000000,467.524417,0.000000,0.000000,74.203037,28.821202,0.227868,567.227192
0.000000,0.000000,463.527433,0.000000,0.000000,75.151754,31.002801,0.019598,564.049457
0.000000,0.000000,465.627339,0.000000,0.000000,75.463443,28.027147,0.022591,563.142621
0.000000,0.000000,466.882040,0.000000,0.000000,73.268631,26.766938,0.022084,561.323169
0.000000,0.000000,460.707803,0.000000,0.000000,74.882418,29.734013,0.222081,559.499555
0.000000,0.000000,473.723256,0.000000,0.000000,75.168081,38.467780,0.020775,578.041629
0.000000,0.000000,478.563128,0.000000,0.000000,73.428678,28.507805,0.016356,586.000202
0.000000,0.000000,487.792168,0.000000,0.000000,77.970814,29.292022,0.026603,592.438570
0.000000,0.000000,463.945957,0.000000,0.000000,81.340340,31.494795,0.232511,565.214769
0.000000,0.000000,465.255464,0.000000,0.000000,82.098796,28.293226,0.017384,571.144512
0.000000,0.000000,465.786919,0.000000,0.000000,79.161783,30.341723,0.023164,580.765435
0.000000,0.000000,466.725161,0.000000,0.000000,82.902476,29.141259,0.017946,569.772295
0.000000,0.000000,462.113900,0.000000,0.000000,79.800523,29.462563,0.015999,570.574746
0.000000,0.000000,465.721455,0.000000,0.000000,76.151170,27.953469,0.021380,579.825618
0.000000,0.000000,460.802444,0.000000,0.000000,78.737409,28.532026,0.214057,572.284133
0.000000,0.000000,468.103390,0.000000,0.000000,80.019366,29.979841,0.015181,578.795362
0.000000,0.000000,466.517875,0.000000,0.000000,76.859287,28.557029,0.206501,579.627556
0.000000,0.000000,463.452571,0.000000,0.000000,77.332739,29.266655,0.016889,573.828837
0.000000,0.000000,466.049024,0.000000,0.000000,76.887383,27.269088,0.213834,571.447182
0.000000,0.000000,465.859022,0.000000,0.000000,77.648176,28.168625,0.227963,574.709027
0.000000,0.000000,467.271402,0.000000,0.000000,73.273100,29.761036,0.019431,578.393806
0.000000,0.000000,462.127470,0.000000,0.000000,73.093110,25.065020,0.248470,568.796533
0.000000,0.000000,464.844854,0.000000,0.000000,72.205090,26.933315,0.202947,573.334717
0.000000,0.000000,464.291765,0.000000,0.000000,73.538438,27.298024,0.017388,569.759853
0.000000,0.000000,468.481174,0.000000,0.000000,68.333013,25.431237,0.204461,576.239112
0.000000,0.000000,467.884877,0.000000,0.000000,69.340394,26.881965,0.015795,571.935359
0.000000,0.000000,461.998936,0.000000,0.000000,74.990413,26.123287,0.244005,561.476952
0.000000,0.000000,463.471708,0.000000,0.000000,74.485485,26.538096,0.015946,563.821204
0.000000,0.000000,466.419062,0.000000,0.000000,74.115364,26.321821,0.016179,568.357912
0.000000,0.000000,475.223396,0.000000,0.000000,66.319005,25.840527,0.235192,570.949271
0.000000,0.000000,478.636920,0.000000,0.000000,68.166106,30.153529,0.013795,575.990314
0.000000,0.000000,459.094224,0.000000,0.000000,76.081494,28.797424,0.217319,561.486060
0.000000,0.000000,471.008826,0.000000,0.000000,77.357408,26.738456,0.014213,573.247666
0.000000,0.000000,466.318034,0.000000,0.000000,75.225100,28.918794,0.204749,568.001069
0.000000,0.000000,467.402082,0.000000,0.000000,75.847268,26.281088,0.016589,560.860319
0.000000,0.000000,463.779994,0.000000,0.000000,74.900386,26.951149,0.217744,563.239750
0.000000,0.000000,469.107608,0.000000,0.000000,74.858807,29.358889,0.014900,575.463503
0.000000,0.000000,469.301364,0.000000,0.000000,74.856933,26.467090,0.014171,575.246926
0.000000,0.000000,473.733965,0.000000,0.000000,73.201940,26.810091,0.015539,579.756423
0.000000,0.000000,466.184461,0.000000,0.000000,73.513819,27.863272,0.019651,569.930862
0.000000,0.000000,462.697252,0.000000,0.000000,74.974596,27.903838,0.202008,566.876442
0.000000,0.000000,463.000649,0.000000,0.000000,76.285489,28.346516,0.031081,568.247954
0.000000,0.000000,460.669469,0.000000,0.000000,74.736824,28.751335,0.209048,563.148686
0.000000,0.000000,476.847323,0.000000,0.000000,73.053140,26.519706,0.016432,577.858952
0.000000,0.000000,476.176284,0.000000,0.000000,70.260290,27.302707,0.016686,578.662677
0.000000,0.000000,467.177414,0.000000,0.000000,67.821157,31.231872,0.261617,571.632149
0.000000,0.000000,465.440754,0.000000,0.000000,67.481703,28.290904,0.230011,571.513128
0.000000,0.000000,467.315247,0.000000,0.000000,71.672478,28.738367,0.014960,571.984494
0.000000,0.000000,467.092348,0.000000,0.000000,74.392233,28.285707,0.202502,567.689579
0.000000,0.000000,467.991714,0.000000,0.000000,72.476087,27.795370,0.193613,566.633626
0.000000,0.000000,462.601133,0.000000,0.000000,73.956695,28.451107,0.017724,563.408496
0.000000,0.000000,465.188673,0.000000,0.000000,76.066863,28.129159,0.236609,562.251013
0.000000,0.000000,459.436439,0.000000,0.000000,75.354712,28.197675,0.201964,561.049129
0.000000,0.000000,465.307993,0.000000,0.000000,78.208571,28.245897,0.015138,569.144807
0.000000,0.000000,472.092212,0.000000,0.000000,81.341642,27.794962,0.219698,573.873525
0.000000,0.000000,470.082842,0.000000,0.000000,79.137146,28.043911,0.016763,573.647263
0.000000,0.000000,462.095240,0.000000,0.000000,81.426998,29.698463,0.233451,567.647989
0.000000,0.000000,463.643262,0.000000,0.000000,83.576089,27.929755,0.015680,568.543289
0.000000,0.000000,462.364069,0.000000,0.000000,85.363951,37.052986,0.224868,569.944150
0.000000,0.000000,460.148079,0.000000,0.000000,84.734931,26.722259,0.017315,570.569833
0.000000,0.000000,470.332390,0.000000,0.000000,83.828229,29.648332,0.020333,578.810478
0.000000,0.000000,469.325254,0.000000,0.000000,86.222270,30.141622,0.015586,581.747668
0.000000,0.000000,464.368780,0.000000,0.000000,83.312417,28.756124,0.015923,577.024187
0.000000,0.000000,467.105982,0.000000,0.000000,80.852746,30.217455,0.229353,590.885611
0.000000,0.000000,463.677026,0.000000,0.000000,77.203316,28.951050,0.017781,576.442253
0.000000,0.000000,465.473388,0.000000,0.000000,72.042592,26.132372,0.199283,580.308693
0.000000,0.000000,462.882352,0.000000,0.000000,69.695601,26.783149,0.016612,581.313618
0.000000,0.000000,468.526533,0.000000,0.000000,75.392642,31.718902,0.223830,581.752252
0.000000,0.000000,464.941000,0.000000,0.000000,80.524825,27.837685,0.016768,577.756035
0.000000,0.000000,467.223869,0.000000,0.000000,76.303464,27.856734,0.021633,574.505054
0.000000,0.000000,465.576207,0.000000,0.000000,78.650688,28.003287,0.016062,565.383045
0.000000,0.000000,466.810581,0.000000,0.000000,84.572628,28.920882,0.227714,564.391336
0.000000,0.000000,476.555803,0.000000,0.000000,78.621020,26.665551,0.017462,585.027340
0.000000,0.000000,466.138789,0.000000,0.000000,79.803170,30.378187,0.208063,575.550482
0.000000,0.000000,467.637103,0.000000,0.000000,77.654029,29.770001,0.016294,572.961152
0.000000,0.000000,461.205154,0.000000,0.000000,72.799302,26.549122,0.188277,568.927327
0.000000,0.000000,460.661309,0.000000,0.000000,68.441090,26.053658,0.018588,575.633026
0.000000,0.000000,472.855344,0.000000,0.000000,64.711994,27.513708,0.178188,579.478804
0.000000,0.000000,650.607521,0.000000,0.000000,68.482882,29.507418,0.017786,762.086291
0.000000,0.000000,461.980151,0.000000,0.000000,68.379418,25.679369,0.224051,570.621881
0.000000,0.000000,462.161228,0.000000,0.000000,68.153498,27.832942,0.201615,562.719612
0.000000,0.000000,460.628728,0.000000,0.000000,70.509772,26.065565,0.017674,556.140533
0.000000,0.000000,464.563377,0.000000,0.000000,73.131427,29.507079,0.267829,558.009579
0.000000,0.000000,478.306589,0.000000,0.000000,77.411005,26.634175,0.221814,577.513971
0.000000,0.000000,465.014090,0.000000,0.000000,74.074710,26.739444,0.014402,561.398576
0.000000,0.000000,464.232666,0.000000,0.000000,75.465900,28.569358,0.213898,561.859204
0.000000,0.000000,466.402031,0.000000,0.000000,73.931846,26.018350,0.013394,563.998345
0.000000,0.000000,461.007067,0.000000,0.000000,76.937531,29.417799,0.222143,566.107342
0.000000,0.000000,481.727240,0.000000,0.000000,72.961683,26.065609,0.013881,587.361801
0.000000,0.000000,458.892807,0.000000,0.000000,65.390519,30.545126,0.209030,560.773411
0.000000,0.000000,464.389682,0.000000,0.000000,62.923021,24.538838,0.251393,569.925362
0.000000,0.000000,467.419789,0.000000,0.000000,65.958866,25.879033,0.012613,568.519720
0.000000,0.000000,467.464589,0.000000,0.000000,76.776431,29.848764,0.222029,575.305448
0.000000,0.000000,474.837487,0.000000,0.000000,85.260079,29.411595,0.025489,574.917444
0.000000,0.000000,511.936112,0.000000,0.000000,84.670273,28.605131,0.220817,609.283730
0.000000,0.000000,461.739410,0.000000,0.000000,85.608544,28.862832,0.010283,550.479121
0.000000,0.000000,481.911879,0.000000,0.000000,82.807277,28.009543,0.212218,574.977256
0.000000,0.000000,466.786718,0.000000,0.000000,83.451366,29.831799,0.014338,574.651637
0.000000,0.000000,475.523963,0.000000,0.000000,88.495319,29.096093,0.285674,591.451341
0.000000,0.000000,467.456436,0.000000,0.000000,77.833856,25.666109,0.013492,581.995916
0.000000,0.000000,465.898414,0.000000,0.000000,68.488500,23.931930,0.206914,582.394012
0.000000,0.000000,464.590535,0.000000,0.000000,72.551898,29.910169,0.014573,576.550791
0.000000,0.000000,466.831269,0.000000,0.000000,70.720937,28.484377,0.239363,581.335742
0.000000,0.000000,468.792264,0.000000,0.000000,64.606108,31.728969,0.201824,587.857012
0.000000,0.000000,468.606923,0.000000,0.000000,72.828614,28.903977,0.017389,573.312347
0.000000,0.000000,460.580368,0.000000,0.000000,76.755986,25.660674,0.217200,554.237000
0.000000,0.000000,466.605709,0.000000,0.000000,65.513143,25.787572,0.194648,570.191138
0.000000,0.000000,466.633505,0.000000,0.000000,68.043958,27.762135,0.015290,567.081663
0.000000,0.000000,465.292548,0.000000,0.000000,71.951556,26.738784,0.267581,562.760368
0.000000,0.000000,466.597591,0.000000,0.000000,68.890827,28.075887,0.258807,569.676926
0.000000,0.000000,464.428255,0.000000,0.000000,67.539356,26.911459,0.012610,568.347360
0.000000,0.000000,464.125036,0.000000,0.000000,71.464045,28.277325,0.289935,556.742571
0.000000,0.000000,464.491496,0.000000,0.000000,72.281740,26.937635,0.262888,561.383764
0.000000,0.000000,493.978074,0.000000,0.000000,71.968361,26.898435,0.017003,594.314375
0.000000,0.000000,463.257480,0.000000,0.000000,71.240610,27.620620,0.204079,561.857860
0.000000,0.000000,464.244795,0.000000,0.000000,69.963351,27.857129,0.017556,559.738222
0.000000,0.000000,465.408109,0.000000,0.000000,72.250834,31.176815,0.213744,566.524631
0.000000,0.000000,465.902084,0.000000,0.000000,69.427041,29.736044,0.018249,566.630366
0.000000,0.000000,462.385462,0.000000,0.000000,70.945397,26.731252,0.181588,562.862726
0.000000,0.000000,462.801164,0.000000,0.000000,72.948244,27.497445,0.016250,562.874282
0.000000,0.000000,468.047828,0.000000,0.000000,75.667844,28.344427,0.200854,566.912100
0.000000,0.000000,467.682786,0.000000,0.000000,77.048874,28.316054,0.015979,572.561104
0.000000,0.000000,460.574959,0.000000,0.000000,75.234293,38.997635,0.223734,560.756881
0.000000,0.000000,465.439850,0.000000,0.000000,75.790034,27.309607,0.015645,564.719810
0.000000,0.000000,467.471634,0.000000,0.000000,79.456964,28.780282,0.222096,569.015849
0.000000,0.000000,460.863733,0.000000,0.000000,77.152323,27.413794,0.018450,566.199198
0.000000,0.000000,464.227907,0.000000,0.000000,77.242891,28.732510,0.021838,570.711141
0.000000,0.000000,482.092713,0.000000,0.000000,80.420412,28.881541,0.018499,597.902135
0.000000,0.000000,464.516374,0.000000,0.000000,79.446665,27.657547,0.202720,568.693608
0.000000,0.000000,465.248246,0.000000,0.000000,76.253316,26.369894,0.224429,574.829581
0.000000,0.000000,465.519931,0.000000,0.000000,72.139334,32.547921,0.220781,571.263324
0.000000,0.000000,461.193804,0.000000,0.000000,76.830779,28.121210,0.017724,568.508349
0.000000,0.000000,461.979250,0.000000,0.000000,78.478322,26.481902,0.215433,572.540607
0.000000,0.000000,471.954382,0.000000,0.000000,73.150536,25.845043,0.021318,580.506491
0.000000,0.000000,485.823205,0.000000,0.000000,74.683269,28.179965,0.288602,589.749639
0.000000,0.000000,464.623185,0.000000,0.000000,78.361663,25.813430,0.019263,570.509014
0.000000,0.000000,478.892812,0.000000,0.000000,74.607780,24.805815,0.021206,584.978748
0.000000,0.000000,463.951456,0.000000,0.000000,70.707410,24.861407,0.281495,570.168183
0.000000,0.000000,463.796270,0.000000,0.000000,70.905975,27.525997,0.016409,563.931694
0.000000,0.000000,467.631051,0.000000,0.000000,73.960585,25.811645,0.249511,571.833333
0.000000,0.000000,466.142644,0.000000,0.000000,73.796622,27.020180,0.209120,571.465728
0.000000,0.000000,467.266097,0.000000,0.000000,75.172257,26.206478,0.015747,567.804322
0.000000,0.000000,471.661628,0.000000,0.000000,71.875139,26.513259,0.014129,568.544182
0.000000,0.000000,475.344495,0.000000,0.000000,72.647620,28.869168,0.013007,575.212902
0.000000,0.000000,462.328936,0.000000,0.000000,74.132436,29.207260,0.202948,563.913452
0.000000,0.000000,466.745673,0.000000,0.000000,73.406812,26.584927,0.013030,568.784221
0.000000,0.000000,466.398510,0.000000,0.000000,74.450115,26.614797,0.013622,568.802942
0.000000,0.000000,478.158087,0.000000,0.000000,72.694318,26.483981,0.198342,577.625052
0.000000,0.000000,464.472620,0.000000,0.000000,71.523002,26.138480,0.015443,567.044475
0.000000,0.000000,466.998922,0.000000,0.000000,69.747798,30.467195,0.013290,571.711110
0.000000,0.000000,483.370193,0.000000,0.000000,68.841376,25.134948,0.017818,584.473066
0.000000,0.000000,471.432125,0.000000,0.000000,65.699855,29.144752,0.013642,573.654968
0.000000,0.000000,465.612640,0.000000,0.000000,70.568249,27.690117,0.013142,566.036331
0.000000,0.000000,463.842818,0.000000,0.000000,76.072474,27.769174,0.015174,562.536291
0.000000,0.000000,476.969679,0.000000,0.000000,71.887806,26.973744,0.261962,578.206358
0.000000,0.000000,472.993912,0.000000,0.000000,70.767974,26.537264,0.017692,568.167934
0.000000,0.000000,471.856136,0.000000,0.000000,72.531459,28.058954,0.217526,568.535214
0.000000,0.000000,472.684804,0.000000,0.000000,69.912142,25.029742,0.016931,572.135638
0.000000,0.000000,466.793930,0.000000,0.000000,66.545344,25.717829,0.237400,571.712626
0.000000,0.000000,466.227059,0.000000,0.000000,71.442004,28.573911,0.014323,566.653997
0.000000,0.000000,469.206544,0.000000,0.000000,75.361934,28.395211,0.212753,567.729157
0.000000,0.000000,465.720277,0.000000,0.000000,77.681356,26.675960,0.014040,567.568448
0.000000,0.000000,464.749402,0.000000,0.000000,77.544997,28.882806,0.209179,561.158865
0.000000,0.000000,460.200050,0.000000,0.000000,78.955623,29.245598,0.017540,553.743436
0.000000,0.000000,460.012925,0.000000,0.000000,80.925464,31.146258,0.207285,561.162380
0.000000,0.000000,476.123665,0.000000,0.000000,81.953907,28.774410,0.285176,581.224119
0.000000,0.000000,463.097470,0.000000,0.000000,78.320835,28.254062,0.014962,571.555899
0.000000,0.000000,464.235655,0.000000,0.000000,74.758547,26.713294,0.194802,571.921414
0.000000,0.000000,463.261390,0.000000,0.000000,71.772007,27.165620,0.020252,572.759419
0.000000,0.000000,459.716577,0.000000,0.000000,70.055500,27.356599,0.349518,573.062600
0.000000,0.000000,464.733343,0.000000,0.000000,68.631874,28.127067,0.015457,577.095711
0.000000,0.000000,465.635653,0.000000,0.000000,70.035998,28.951606,0.214995,573.411897
0.000000,0.000000,474.042685,0.000000,0.000000,73.648091,27.360861,0.017857,577.901584
0.000000,0.000000,461.875445,0.000000,0.000000,74.578826,27.443672,0.222680,561.914135
0.000000,0.000000,463.369394,0.000000,0.000000,75.343320,31.765823,0.016568,562.526350
0.000000,0.000000,464.516214,0.000000,0.000000,76.900356,31.065860,0.276341,562.693981
0.000000,0.000000,467.287023,0.000000,0.000000,75.588533,27.168898,0.013518,567.708073
0.000000,0.000000,460.323157,0.000000,0.000000,76.081498,26.592201,0.267006,562.394839
0.000000,0.000000,463.601743,0.000000,0.000000,74.947724,26.562660,0.014986,567.216835
0.000000,0.000000,465.021397,0.000000,0.000000,76.066260,28.872365,0.265340,573.385369
0.000000,0.000000,475.382398,0.000000,0.000000,80.739265,29.603554,0.013943,590.746354
0.000000,0.000000,477.943395,0.000000,0.000000,80.479765,27.894296,0.211731,581.981873
0.000000,0.000000,473.697142,0.000000,0.000000,82.486038,28.454858,0.013245,577.719489
0.000000,0.000000,461.834907,0.000000,0.000000,83.845629,28.063312,0.203947,564.563643
0.000000,0.000000,460.436401,0.000000,0.000000,81.519442,28.449395,0.021020,567.214598
0.000000,0.000000,465.387636,0.000000,0.000000,81.088430,28.927095,0.226770,576.879446
0.000000,0.000000,465.875259,0.000000,0.000000,90.259512,32.575157,0.016646,575.489086
0.000000,0.000000,465.355600,0.000000,0.000000,91.320723,28.442370,0.028491,577.398161
0.000000,0.000000,466.298392,0.000000,0.000000,85.206019,30.008777,0.016239,579.387981
0.000000,0.000000,465.954142,0.000000,0.000000,85.996115,32.596096,0.017526,577.446347
0.000000,0.000000,467.525229,0.000000,0.000000,85.895032,27.615689,0.016230,579.095785
0.000000,0.000000,463.931111,0.000000,0.000000,85.041983,28.599090,0.022112,588.415168
0.000000,0.000000,461.587718,0.000000,0.000000,88.110213,28.784350,0.213131,582.735402
0.000000,0.000000,465.407046,0.000000,0.000000,83.622742,26.570643,0.013672,582.138905
0.000000,0.000000,461.801379,0.000000,0.000000,80.027157,27.226235,0.017973,581.530421
0.000000,0.000000,474.140096,0.000000,0.000000,85.708124,28.050456,0.015845,588.734002
0.000000,0.000000,467.004356,0.000000,0.000000,85.429842,29.999451,0.210137,581.887291
0.000000,0.000000,464.811757,0.000000,0.000000,83.972250,30.695482,0.015892,583.117449
0.000000,0.000000,463.272736,0.000000,0.000000,84.953222,29.646543,0.233159,574.732247
0.000000,0.000000,472.290080,0.000000,0.000000,89.891026,30.484236,0.014514,580.630319
0.000000,0.000000,486.799302,0.000000,0.000000,85.035707,27.821784,0.208098,601.641056
0.000000,0.000000,472.330997,0.000000,0.000000,83.124798,35.228823,0.018283,589.241391
0.000000,0.000000,463.790223,0.000000,0.000000,86.455306,29.797150,0.245790,579.620068
0.000000,0.000000,465.638201,0.000000,0.000000,83.618639,34.068770,0.016868,581.642033
0.000000,0.000000,471.773595,0.000000,0.000000,83.681730,28.787316,0.016954,593.258188
0.000000,0.000000,464.048214,0.000000,0.000000,87.260226,30.299587,0.227974,578.156589
0.000000,0.000000,469.021052,0.000000,0.000000,85.515030,26.158939,0.016280,589.176157
0.000000,0.000000,466.972941,0.000000,0.000000,84.184343,27.134527,0.014803,584.624123
0.000000,0.000000,463.455425,0.000000,0.000000,84.630427,28.254911,0.013947,582.260202
0.000000,0.000000,464.032755,0.000000,0.000000,82.582495,27.308597,0.016445,577.663670
0.000000,0.000000,467.823173,0.000000,0.000000,82.932076,28.890826,0.247173,586.694823
0.000000,0.000000,473.094537,0.000000,0.000000,83.412910,26.417842,0.016421,586.119383
0.000000,0.000000,469.146435,0.000000,0.000000,84.689613,25.790936,0.017722,581.647060
0.000000,0.000000,466.519291,0.000000,0.000000,84.615487,29.108675,0.016465,580.998135
0.000000,0.000000,460.905809,0.000000,0.000000,84.875591,27.563494,0.013798,571.978206
0.000000,0.000000,462.254727,0.000000,0.000000,79.318813,25.975243,0.199119,575.379093
0.000000,0.000000,461.547370,0.000000,0.000000,83.519759,26.148562,0.018901,572.593171
0.000000,0.000000,466.739115,0.000000,0.000000,82.042490,26.172146,0.020518,578.347531
0.000000,0.000000,463.770844,0.000000,0.000000,81.846597,25.863051,0.020481,578.632366
0.000000,0.000000,655.462505,0.000000,0.000000,82.932691,26.649683,0.020845,769.011547
0.000000,0.000000,465.621964,0.000000,0.000000,84.482211,29.295009,0.016129,572.255699
0.000000,0.000000,464.959824,0.000000,0.000000,83.666142,27.025841,0.016951,575.769498
0.000000,0.000000,465.306613,0.000000,0.000000,88.457293,29.894628,0.016223,574.702291
0.000000,0.000000,470.220698,0.000000,0.000000,85.711680,29.704999,0.016458,579.113799
0.000000,0.000000,464.912327,0.000000,0.000000,84.752023,28.645562,0.014753,575.883845
0.000000,0.000000,468.294977,0.000000,0.000000,82.878970,28.919877,0.017039,583.179452
0.000000,0.000000,467.525581,0.000000,0.000000,85.508672,27.554123,0.236046,579.385219
0.000000,0.000000,468.364689,0.000000,0.000000,85.810139,29.063581,0.013562,587.817180
0.000000,0.000000,464.213367,0.000000,0.000000,84.668618,26.798118,0.016426,580.840379
0.000000,0.000000,483.271640,0.000000,0.000000,85.878994,28.073220,0.015057,602.300424
0.000000,0.000000,466.239598,0.000000,0.000000,92.727669,30.086901,0.013823,579.298126
0.000000,0.000000,465.366984,0.000000,0.000000,89.993523,26.668133,0.017923,579.690347
0.000000,0.000000,467.158481,0.000000,0.000000,85.047941,27.360764,0.019572,583.286739
0.000000,0.000000,468.633996,0.000000,0.000000,85.954159,28.927761,0.012957,581.170595
0.000000,0.000000,465.892608,0.000000,0.000000,82.197679,28.039794,0.016562,580.884343
0.000000,0.000000,468.634778,0.000000,0.000000,83.963706,26.994779,0.015033,592.666263
0.000000,0.000000,465.161784,0.000000,0.000000,85.483895,26.458425,0.230073,583.100896
0.000000,0.000000,464.889102,0.000000,0.000000,84.174330,26.814611,0.017222,578.614015
0.000000,0.000000,462.978898,0.000000,0.000000,82.665678,27.622698,0.015295,579.041896
0.000000,0.000000,465.888597,0.000000,0.000000,83.306467,32.155361,0.014962,577.241214
0.000000,0.000000,472.887514,0.000000,0.000000,82.106365,26.672665,0.016014,585.168634
0.000000,0.000000,467.567744,0.000000,0.000000,83.124811,29.854107,0.017514,580.775109
0.000000,0.000000,474.085484,0.000000,0.000000,83.227956,26.117314,0.018959,586.278734
0.000000,0.000000,464.639429,0.000000,0.000000,0.000000,0.000000,0.000000,576.698615
0.000000,0.000000,461.761144,0.000000,0.000000,0.000000,0.000000,0.000000,578.313909
0.000000,0.000000,463.274419,0.000000,0.000000,0.000000,0.000000,0.000000,573.250209
0.000000,0.000000,468.116034,0.000000,0.000000,0.000000,0.000000,0.000000,582.250049
0.000000,0.000000,460.111816,0.000000,0.000000,0.000000,0.000000,0.000000,570.701929
