#Stereo rect[ms], MP culling[ms], MP creation[ms], LBA[ms], KF culling[ms], Total[ms]
2.752397,0.076072,1.394091,0.005636,0.005636,4.235029
2.479083,0.126135,1594.356825,0.001698,0.001698,1596.966322
3.245631,0.256708,97.863863,0.231081,0.231081,111.079221
3.158764,0.278322,208.494352,0.261673,0.261673,227.060405
7.279556,0.504661,304.060119,0.377986,0.377986,341.663494
3.076665,0.605693,325.672676,0.406904,0.406904,355.780812
2.818310,0.748532,351.063597,0.898815,0.898815,381.673949
2.498696,0.727504,333.443535,1.367847,1.367847,367.136781
1.144175,0.535241,166.811350,0.249600,0.249600,200.060425
2.492806,0.965727,384.073790,0.440838,0.440838,420.184693
2.090494,0.539205,392.230189,0.735110,0.735110,429.067042
2.336736,0.560581,561.134369,0.515898,0.515898,612.447379
1.860994,0.736736,722.861388,0.607791,0.607791,871.340509
2.601714,0.943184,413.388800,0.924155,0.924155,469.785193
2.966854,0.731794,565.313844,0.492222,0.492222,619.355851
3.283212,1.107748,349.129142,0.872498,0.872498,394.457217
3.211029,1.087937,423.467904,0.432938,0.432938,469.850190
3.898794,0.998769,601.612902,0.987427,0.987427,661.017243
3.573906,1.607501,526.038346,0.949467,0.949467,571.924692
3.488927,1.667401,508.825584,1.046919,1.046919,580.567978
3.481746,1.854695,1043.828347,1.390701,1.390701,1107.956675
3.016004,1.783130,867.757047,1.944357,1.944357,991.803317
2.033551,1.490947,726.993017,1.713751,1.713751,965.259678
2.129854,1.123808,597.034679,1.373897,1.373897,787.391832
2.632790,4.391145,384.521269,1.160544,1.160544,436.461499
2.895249,1.037670,460.863228,1.061058,1.061058,512.518896
7.905682,0.723638,379.467264,1.107932,1.107932,434.670621
3.605786,0.649494,360.379585,0.852733,0.852733,410.494087
6.591977,0.618794,391.926659,2.140172,2.140172,447.822066
3.681014,1.025076,426.477625,0.997867,0.997867,474.878067
3.795207,1.007802,554.006701,1.289212,1.289212,609.490817
6.863975,0.793610,674.958832,1.420484,1.420484,915.665143
2.525683,1.518113,617.836500,1.182352,1.182352,667.640393
4.854605,5.690834,1431.666099,2.272001,2.272001,1505.039772
4.891980,1.839716,1266.179733,2.095118,2.095118,1335.881004
3.338751,1.850083,1516.363094,2.920225,2.920225,1597.802294
6.504622,2.032272,1878.171052,3.132140,3.132140,1969.058967
7.435320,2.478108,1756.715524,3.458343,3.458343,1851.616601
5.570451,3.290718,1446.073319,7.791648,7.791648,1536.900500
5.686732,2.217856,1167.579762,2.911318,2.911318,1250.879026
3.593228,1.522782,800.155280,4.302794,4.302794,1063.907965
3.428847,6.942031,812.540178,2.650556,2.650556,1014.165651
5.378810,1.223289,874.626604,3.615052,3.615052,1009.239853
4.422088,1.405105,531.445100,1.801249,1.801249,585.648015
3.806095,7.066335,532.645614,2.279997,2.279997,594.747202
6.171354,1.169098,558.188648,2.070893,2.070893,616.926674
5.746997,0.838324,471.838880,1.383605,1.383605,527.485113
5.246100,1.607702,470.719902,1.216388,1.216388,529.377055
4.196498,0.830978,415.856623,1.349077,1.349077,479.184217
3.734105,1.362851,465.841191,1.511887,1.511887,522.522373
3.414035,1.177846,497.205765,1.270089,1.270089,545.869171
5.606572,1.148778,603.257022,2.040459,2.040459,662.686142
4.898849,1.116833,603.379450,2.217486,2.217486,670.333548
5.493125,0.915459,553.393943,2.724236,2.724236,627.948871
6.664967,1.838528,884.060767,5.069158,5.069158,1095.179067
4.399403,1.834428,915.623885,15.953087,15.953087,1172.230143
4.707997,2.019142,910.058815,4.713053,4.713053,1181.480428
4.547581,2.337458,1327.456665,2.644864,2.644864,1419.055335
3.957260,2.705899,1705.049658,5.158031,5.158031,1782.508276
4.545657,2.233637,1398.037487,3.853992,3.853992,1481.416760
3.283234,1.862535,888.828633,2.675377,2.675377,946.725046
1.051626,1.517113,661.767508,1.894984,1.894984,857.419871
2.504545,0.712227,359.288835,11.009227,11.009227,399.273795
3.851307,0.777673,418.233328,1.156586,1.156586,460.708897
3.482718,0.682680,408.761650,1.084883,1.084883,458.763189
6.786778,0.980216,604.517429,1.199373,1.199373,645.096443
5.024906,0.571448,593.603255,9.766628,9.766628,645.458337
5.439595,0.834163,1136.096707,3.722515,3.722515,1372.806384
5.079099,1.577353,726.805052,3.389083,3.389083,1125.239996
5.795132,0.842585,620.218724,7.615303,7.615303,1116.913408
5.984182,0.999254,634.849592,10.397030,10.397030,1081.750743
4.669754,1.009206,431.055383,2.198999,2.198999,509.816492
8.013906,1.458726,2534.725172,11.507553,11.507553,3524.579569
7.781688,2.659026,2136.457796,11.269862,11.269862,3171.183159
13.792939,2.065153,2299.218579,5.290166,5.290166,2506.144574
16.819874,6.455353,1845.819227,8.110330,8.110330,2031.905987
16.041676,2.876084,1865.515516,7.683960,7.683960,2102.766405
6.150129,2.696488,2308.874054,7.279205,7.279205,3434.427961
5.748528,3.049723,1051.106720,7.686427,7.686427,1704.661718
7.079623,4.392954,2019.316282,6.717772,6.717772,2253.104368
8.584802,4.100354,994.915868,10.119463,10.119463,1315.432326
8.547663,1.810762,792.326983,11.718615,11.718615,1307.746135
6.817726,1.997581,1058.782437,10.582955,10.582955,1419.466663
15.528372,1.685332,1093.550149,9.611670,9.611670,1542.560912
8.197758,2.119994,1717.005554,7.793689,7.793689,1986.813828
9.405707,1.738310,1012.129508,21.769133,21.769133,1576.966702
7.356412,3.155142,708.338318,15.154601,15.154601,1159.189272
6.847281,1.748415,368.242995,7.367685,7.367685,573.219590
7.159443,0.745672,1688.782811,12.904918,12.904918,2375.104832
3.379853,1.058549,1553.823261,22.464502,22.464502,1722.637234
6.442864,1.979635,1617.393279,7.268283,7.268283,1784.504425
5.369252,2.626445,1394.282332,22.981169,22.981169,1525.773241
5.133387,1.653238,1291.906729,3.491205,3.491205,1376.958375
5.728561,1.415961,1694.528477,9.145610,9.145610,1837.491942
8.096852,2.449233,1239.496874,5.343734,5.343734,1329.645266
4.369139,2.501108,1233.865255,21.959427,21.959427,1365.592811
3.774532,2.420028,1273.914026,7.698355,7.698355,1375.770202
3.545379,2.405703,1213.583760,3.283248,3.283248,1300.296501
2.957013,2.465317,829.717546,6.752683,6.752683,1206.293253
3.381041,2.398781,1398.830918,3.120829,3.120829,1477.762617
4.794647,2.415242,1369.651563,3.144592,3.144592,1447.341265
3.739179,1.600015,1424.495035,6.952321,6.952321,1536.696869
4.695275,1.162572,1234.611381,8.356991,8.356991,1403.474570
2.934026,0.756195,734.442096,6.488693,6.488693,1143.776805
3.741079,1.302470,1403.554249,21.347547,21.347547,1618.203187
4.280860,1.170699,740.717361,18.871507,18.871507,1212.014867
5.921619,1.358449,1703.763351,10.488623,10.488623,1906.103865
24.881378,1.009152,1849.260769,14.473985,14.473985,2278.869500
6.796269,1.400211,945.357945,16.018679,16.018679,1739.330711
7.969012,2.248977,830.216730,33.209966,33.209966,1618.227251
6.386412,2.210218,788.018759,23.885434,23.885434,1828.001451
20.656568,1.900563,742.066534,23.300724,23.300724,1652.402135
7.241217,2.086426,711.331309,22.961708,22.961708,1596.435445
6.430516,1.645731,592.334956,38.209975,38.209975,1575.574693
7.674381,1.409840,538.431483,37.791448,37.791448,1532.781033
8.797622,1.364017,474.386828,29.465395,29.465395,1462.973465
10.587283,1.166433,536.328855,17.254492,17.254492,1404.602978
11.008959,1.314951,611.426484,33.197686,33.197686,1436.966400
9.291493,1.163303,601.039972,23.695872,23.695872,1407.345877
10.292573,1.559437,1775.354954,38.168213,38.168213,2563.419690
5.704417,1.118011,2053.310159,44.666127,44.666127,2777.823336
20.882772,2.367448,1793.196186,12.388500,12.388500,2388.981242
4.199613,2.393610,1806.426266,8.447240,8.447240,2511.176083
5.211259,3.059808,1534.731339,6.334168,6.334168,1649.469739
9.059838,4.053464,1411.845883,4.343939,4.343939,1534.124918
7.482459,2.582210,1229.717079,1.973154,1.973154,1298.171307
6.678692,2.641017,1216.837175,3.443059,3.443059,1289.914610
3.973869,2.197349,1007.090280,7.306310,7.306310,1217.123356
2.826856,2.907130,683.405895,3.099524,3.099524,917.750042
2.229465,1.908506,619.468813,1.476541,1.476541,672.974259
3.479998,1.791001,564.227326,1.066972,1.066972,597.166268
3.210642,1.296882,388.109665,1.115316,1.115316,417.653384
3.124501,0.767101,532.754921,0.984743,0.984743,558.038863
27.616001,0.601454,606.007289,0.952348,0.952348,659.032106
3.013520,0.570332,540.911568,0.982814,0.982814,570.973257
3.470666,0.512024,571.543261,1.734426,1.734426,614.054722
2.629268,0.475872,1.582640,0.555731,0.555731,29.196471
1.032618,0.225199,199.374886,0.609314,0.609314,216.002525
4.807991,0.290887,159.937829,0.566827,0.566827,182.021739
4.157414,0.434343,232.861100,0.832911,0.832911,267.384497
3.377922,0.300740,535.385609,1.370498,1.370498,571.024449
4.758670,0.710479,418.941802,1.028513,1.028513,456.531773
4.815391,0.761110,621.597773,1.329434,1.329434,1011.840761
2.302858,0.797545,487.066606,2.651630,2.651630,546.407058
6.456415,0.939145,669.977690,3.033178,3.033178,931.982855
3.522845,0.976860,608.476204,3.943878,3.943878,889.226448
3.871709,1.671051,712.038599,5.824175,5.824175,940.604546
3.326007,1.547239,775.796889,3.867851,3.867851,1000.278139
3.219104,1.351777,709.881354,22.139644,22.139644,918.600256
3.602671,1.329532,709.657908,3.871134,3.871134,891.774648
3.965826,1.201535,909.882356,3.470318,3.470318,989.165591
3.302469,0.800202,858.935262,1.575586,1.575586,913.839486
4.376239,0.787147,593.921630,1.623940,1.623940,643.352250
6.057203,1.086075,577.696872,2.508037,2.508037,646.250179
26.214436,1.036488,578.586875,1.206653,1.206653,641.340428
5.164158,1.044221,515.883557,1.762522,1.762522,585.594285
6.901370,0.758973,445.401591,1.479638,1.479638,503.476123
26.973258,1.599805,671.359541,5.197626,5.197626,861.829645
2.855415,1.224995,592.139380,2.970328,2.970328,660.098462
25.410522,1.787080,579.928023,1.679371,1.679371,664.606134
30.577361,1.170630,603.993713,4.330407,4.330407,867.567477
23.409089,2.517317,574.550023,2.359913,2.359913,658.654903
4.360204,2.018832,569.886765,1.853836,1.853836,635.296138
5.643990,1.687799,577.112574,3.360044,3.360044,649.423042
5.692364,1.838021,562.343299,24.200319,24.200319,818.867958
3.205428,1.419928,519.064506,1.711964,1.711964,563.741235
5.090068,1.034909,601.241634,2.494510,2.494510,661.515878
30.996266,0.744052,569.260982,4.528094,4.528094,669.553705
2.912790,1.636017,744.022392,28.095859,28.095859,931.717798
2.696405,1.486768,560.996141,2.071945,2.071945,613.329547
30.472209,0.844395,540.336533,2.633359,2.633359,636.753772
5.048230,1.245133,473.225058,2.106103,2.106103,540.735214
4.903773,1.496389,520.031606,1.735513,1.735513,572.050288
5.424889,0.736587,538.656256,1.695465,1.695465,586.639287
27.794897,1.055014,409.396140,2.516120,2.516120,506.505064
5.234031,1.101011,564.076622,3.562055,3.562055,640.332441
6.118895,0.894866,386.007088,26.367654,26.367654,492.013624
6.107112,0.855199,550.975559,4.029762,4.029762,666.402083
7.863145,1.701202,586.575770,4.000917,4.000917,660.288046
4.353885,0.983717,435.314940,3.108788,3.108788,522.697603
6.495160,1.323456,486.714578,30.353113,30.353113,609.831632
30.580474,1.575924,357.091958,3.712307,3.712307,479.697009
6.649983,0.964329,337.807535,4.268738,4.268738,471.934093
8.234545,1.371360,372.803090,5.402427,5.402427,485.231182
4.837539,0.943764,297.956160,3.327455,3.327455,390.716788
9.010337,0.896768,399.619173,31.682690,31.682690,558.885900
8.964813,0.800247,337.643854,25.929615,25.929615,502.866664
9.639873,1.052367,482.842173,10.000795,10.000795,659.162908
6.525020,0.789244,490.343518,8.192917,8.192917,680.955290
7.348153,1.112749,447.702721,9.200546,9.200546,632.389867
8.011627,0.778526,381.127876,5.249387,5.249387,564.299579
6.715983,1.249854,409.882312,7.216370,7.216370,597.474890
8.754716,1.411263,295.491020,32.322712,32.322712,501.891239
9.157199,0.972227,295.530282,6.882442,6.882442,474.663195
8.267590,0.645768,305.683345,8.870686,8.870686,479.356124
9.057339,0.592539,324.785745,6.910126,6.910126,484.427513
6.421363,0.604688,275.384883,8.189759,8.189759,431.427789
9.216373,0.835242,317.136457,34.768553,34.768553,514.456980
5.297313,0.525069,261.483172,6.002375,6.002375,391.705512
6.651576,0.566740,196.290641,35.360229,35.360229,345.680424
7.734368,0.545219,204.103727,9.409656,9.409656,349.317437
10.086857,0.363483,259.989838,6.923076,6.923076,421.037778
8.987419,0.436078,168.691418,6.704680,6.704680,334.672504
6.700145,0.360674,236.358636,33.916051,33.916051,401.437981
6.908354,0.331842,258.988641,6.228205,6.228205,413.681623
7.318783,0.380115,234.835543,6.923158,6.923158,404.618009
6.340582,0.357994,190.252322,4.878151,4.878151,333.512026
5.975168,0.382189,178.003378,7.254586,7.254586,326.069042
5.733726,0.242640,153.397573,5.662243,5.662243,273.193878
5.160143,0.388689,99.385298,6.988559,6.988559,245.755280
4.561588,0.277897,314.617801,4.475648,4.475648,397.403240
5.614197,0.434062,333.664403,4.831753,4.831753,425.785796
3.250969,0.549493,258.987215,5.126858,5.126858,348.105551
6.288701,0.719139,281.992911,11.063766,11.063766,434.459201
7.223623,0.972845,323.402921,6.491106,6.491106,476.299851
4.356463,0.535608,249.365881,35.563679,35.563679,409.983452
5.189568,1.101160,542.513617,5.211922,5.211922,618.359026
3.649747,0.795427,294.265795,3.509151,3.509151,363.059853
5.156908,1.377201,537.429722,2.557741,2.557741,608.914502
3.572487,0.966938,626.488651,2.117956,2.117956,698.492657
4.350585,0.897259,548.610230,1.722271,1.722271,585.237974
2.906432,0.607020,400.967076,1.843250,1.843250,459.584198
3.666274,0.714958,350.626171,1.094796,1.094796,389.391992
4.753057,0.662273,409.907768,1.743563,1.743563,454.263314
4.608267,0.616147,799.431748,6.830583,6.830583,1068.796894
3.468319,0.787578,925.303441,5.510079,5.510079,1020.857352
3.154441,0.642414,547.574485,3.954319,3.954319,630.927337
4.617518,0.591829,775.796313,4.659354,4.659354,1027.383201
5.208836,0.450486,653.314115,4.136993,4.136993,966.937424
3.901596,0.425241,554.510614,8.361242,8.361242,869.138170
4.388237,0.693807,907.383905,37.093191,37.093191,1117.305832
3.637450,0.640122,1004.140958,10.216299,10.216299,1314.655202
6.211790,1.276340,1346.621124,39.481273,39.481273,1562.011686
5.440751,1.958822,532.105741,33.995660,33.995660,1022.703538
4.370964,0.839174,428.628415,36.707426,36.707426,600.049326
6.928782,0.896323,667.600735,10.500150,10.500150,1035.150610
3.329650,0.931432,160.368937,4.665155,4.665155,282.273741
3.897464,0.785448,371.596508,2.877106,2.877106,505.677687
5.500081,0.592398,988.400273,39.887691,39.887691,1139.919452
8.387101,0.573793,1233.783121,36.625173,36.625173,1393.821191
28.448242,0.819692,993.875500,6.367353,6.367353,1175.135987
37.725398,0.791796,691.481011,10.302360,10.302360,1072.239067
5.556154,0.835483,1022.189568,11.130736,11.130736,1286.934819
4.782690,0.804509,797.143954,8.067089,8.067089,1238.450680
3.902184,0.968751,704.451061,4.966574,4.966574,1155.072163
5.166824,0.904624,762.469496,43.134757,43.134757,1154.242098
7.590028,0.818300,490.125170,6.618719,6.618719,670.434049
7.381362,0.723166,410.715113,37.810382,37.810382,637.686341
10.245505,0.518896,395.443287,6.796603,6.796603,549.714647
11.985400,0.383740,355.155124,38.467917,38.467917,608.412279
11.904080,0.186217,1537.475718,44.125821,44.125821,1886.953648
4.449834,1.009899,823.996306,12.692280,12.692280,1313.971180
6.879392,2.438469,723.040349,16.200252,16.200252,1309.128275
8.338413,1.828625,740.118166,51.324740,51.324740,1369.498405
7.335881,1.630901,845.459931,49.860463,49.860463,1296.577882
6.551164,1.984025,1414.889132,16.811861,16.811861,1738.392999
6.525609,2.726121,935.562044,51.065323,51.065323,1479.103164
5.781232,2.718219,695.174855,47.156728,47.156728,1328.337114
10.076350,1.582665,943.511982,15.370881,15.370881,1352.432102
8.590442,1.566494,762.129966,35.951282,35.951282,1225.919189
8.516468,1.452645,876.488611,15.044346,15.044346,1328.478835
9.644113,2.024495,851.309293,16.100318,16.100318,1246.644751
6.646710,1.758108,1133.196776,10.937811,10.937811,1398.353934
5.171512,1.339949,1004.101752,30.520613,30.520613,1239.690937
7.054728,1.845959,781.852707,10.825399,10.825399,1081.940246
5.272905,2.287840,566.685753,7.455148,7.455148,672.882926
3.934479,35.030269,627.270785,5.790020,5.790020,939.508697
2.685457,1.307063,481.925177,36.147415,36.147415,570.687080
5.440128,1.180358,504.894883,1.632125,1.632125,558.909146
6.469522,1.191145,543.956993,2.706203,2.706203,629.505935
4.316086,0.965141,381.613340,1.206149,1.206149,420.737893
5.554006,0.819315,498.770292,2.884659,2.884659,568.427726
5.558643,1.022123,486.388285,1.394054,1.394054,537.807980
4.662698,1.129672,485.531571,2.123204,2.123204,534.891561
5.362979,1.669834,554.128408,1.536069,1.536069,612.410320
4.841676,1.358553,572.105530,1.398544,1.398544,636.795774
6.063580,1.648791,642.788769,1.421139,1.421139,693.695753
6.036344,1.329092,521.521787,3.265189,3.265189,630.711215
5.106744,0.990730,676.220390,4.131377,4.131377,891.712417
37.059826,1.234834,516.954200,38.461116,38.461116,649.176570
5.786645,1.050214,443.750651,2.941057,2.941057,534.578731
5.088838,0.919624,410.812697,3.604060,3.604060,500.595239
4.975685,0.646884,404.471689,3.169324,3.169324,485.366415
5.662892,0.725607,221.575339,3.911771,3.911771,320.219525
8.647218,0.622204,216.693991,4.189409,4.189409,306.137160
5.457111,0.370033,331.240926,4.833484,4.833484,417.850903
6.096086,0.380688,231.815219,2.409616,2.409616,319.923781
8.588098,0.491750,574.330653,35.417764,35.417764,920.333070
4.577614,0.984021,1190.137842,8.867950,8.867950,1304.478291
2.427520,1.923651,847.836785,6.538031,6.538031,999.511283
2.088469,1.574487,938.621254,3.465512,3.465512,1029.695818
2.192256,1.196945,1053.187683,5.912919,5.912919,1159.146646
3.091640,1.639689,413.814215,4.196045,4.196045,512.080167
4.105635,0.777889,251.796160,0.812527,0.812527,291.317338
4.660829,0.713857,219.402918,2.777167,2.777167,283.682662
3.931298,0.727856,337.868719,1.157017,1.157017,384.997986
38.503221,0.886799,523.065635,2.938721,2.938721,656.387615
2.653463,0.996720,530.097382,0.937460,0.937460,585.544906
4.469925,0.727085,407.674574,3.254925,3.254925,463.930113
39.115869,0.953250,320.015296,39.858499,39.858499,437.775474
39.629457,0.484738,340.221504,2.107675,2.107675,464.416852
47.076402,0.792503,420.716559,40.010389,40.010389,554.232624
5.413489,0.847098,431.659902,0.985611,0.985611,481.569902
4.088238,0.592527,543.287774,2.318917,2.318917,621.473671
3.835896,0.653648,920.933121,5.195770,5.195770,1094.543743
42.130126,0.951858,871.338310,4.167672,4.167672,1102.958029
4.485279,2.076793,940.203693,4.721538,4.721538,1071.930108
4.285437,2.315741,707.238290,4.395660,4.395660,1016.470798
4.835211,1.577956,755.698828,4.010249,4.010249,1075.862641
4.314218,41.835437,879.236537,6.230589,6.230589,1116.243546
5.398636,1.786484,566.952745,5.108972,5.108972,1039.400145
6.905961,1.705215,649.398785,5.053115,5.053115,998.911149
8.279276,1.610313,550.356254,5.672396,5.672396,657.858508
47.150315,2.114227,1351.752497,7.897502,7.897502,1535.874708
7.153293,1.210705,830.130548,10.399547,10.399547,1264.319740
7.225094,1.463069,861.683647,53.200564,53.200564,1265.989742
4.334424,1.510607,1394.787384,16.901754,16.901754,1637.592614
5.074048,1.910077,701.967812,8.967564,8.967564,1114.001623
6.349536,1.649455,787.732027,12.391983,12.391983,1035.244460
7.594773,1.755898,1432.082172,16.428553,16.428553,1864.462540
6.718280,1.764450,1113.479631,11.643650,11.643650,1308.255577
4.500827,2.310624,662.989365,50.294932,50.294932,945.923618
4.421040,1.685632,669.963811,9.379170,9.379170,914.474070
2.845739,45.951370,646.083212,8.851887,8.851887,878.616076
2.981760,0.792249,605.622285,6.743790,6.743790,882.932409
2.966773,1.011803,468.049011,5.592459,5.592459,592.644809
6.768058,1.321281,476.123606,10.256392,10.256392,625.583952
7.650529,1.125876,445.253445,47.396181,47.396181,660.963910
3.415678,0.875072,375.417734,9.706619,9.706619,576.564511
6.688328,0.909206,561.803976,9.447272,9.447272,899.284563
2.693391,1.018456,719.910539,46.433784,46.433784,1023.785614
1.988707,1.203718,666.183649,6.214168,6.214168,755.865410
5.322577,1.352388,1130.321907,4.152993,4.152993,1231.702964
4.563659,1.578386,1172.162596,3.144731,3.144731,1253.588407
7.765845,1.973754,1025.760924,5.966955,5.966955,1151.773064
53.813520,2.017834,1154.592110,4.968474,4.968474,1328.573633
6.291652,1.981500,1011.949667,40.775865,40.775865,1335.362024
3.695813,1.408314,1430.781074,44.052973,44.052973,1650.683511
48.995294,2.063149,928.092265,14.438175,14.438175,1273.683259
4.769995,1.777305,1394.974594,23.164828,23.164828,1768.196693
7.048676,1.390496,1240.668052,10.695646,10.695646,1580.786407
7.394361,2.756470,768.568786,16.949626,16.949626,1154.176282
8.235483,1.901484,765.854036,13.424746,13.424746,1246.065341
8.412571,2.293625,1857.929316,10.732761,10.732761,2033.462122
6.630427,4.157916,1551.322166,10.358214,10.358214,1761.028410
6.542906,2.544489,1422.534403,7.584071,7.584071,1556.061192
3.745200,2.776607,1321.331727,7.938855,7.938855,1421.911442
5.831101,1.392528,1063.904660,5.630210,5.630210,1292.857754
5.474244,2.574684,1466.824436,3.059486,3.059486,1559.595121
6.006437,2.085533,1331.718783,7.941197,7.941197,1435.652386
5.903051,1.951175,1293.605435,5.591769,5.591769,1399.932276
5.861840,1.776581,1055.121345,3.120201,3.120201,1129.598571
5.050586,1.485369,930.402877,6.681397,6.681397,1053.866077
2.473495,1.365640,752.541960,6.634619,6.634619,962.747593
4.510750,1.651191,624.495281,3.513952,3.513952,722.183451
