# ground truth trajectory
# timestamp tx ty tz qx qy qz qw
1548266469.90091 0.171783 -1.54593 1.91525 -0.106329 -0.00842705 -0.211585 0.971522
1548266469.93419 0.171004 -1.53964 1.9206 -0.107978 -0.0102278 -0.207659 0.97217
1548266469.96728 0.170301 -1.53337 1.92558 -0.110753 -0.0107034 -0.208134 0.971751
1548266470.00082 0.169501 -1.52719 1.9304 -0.113145 -0.0123931 -0.204952 0.972131
1548266470.03409 0.168162 -1.52113 1.93508 -0.114394 -0.0160099 -0.200729 0.972813
1548266470.06725 0.167222 -1.51562 1.9391 -0.117875 -0.0162046 -0.200211 0.972501
1548266470.10067 0.166469 -1.51049 1.9432 -0.117997 -0.0159989 -0.200694 0.97239
1548266470.13398 0.165651 -1.50519 1.94674 -0.120865 -0.017394 -0.196876 0.972794
1548266470.16716 0.164965 -1.50113 1.95006 -0.11922 -0.0174198 -0.197371 0.972897
1548266470.20077 0.164266 -1.49708 1.95302 -0.119622 -0.018328 -0.195 0.973309
1548266470.23389 0.163456 -1.49338 1.95596 -0.118327 -0.0194877 -0.191363 0.974166
1548266470.26706 0.163054 -1.49002 1.95844 -0.117994 -0.017811 -0.192449 0.974024
1548266470.30049 0.162259 -1.48637 1.96075 -0.118475 -0.0174588 -0.191858 0.974089
1548266470.33397 0.161176 -1.48271 1.96308 -0.117216 -0.0168135 -0.189263 0.97476
1548266470.36756 0.160384 -1.47844 1.96529 -0.117148 -0.0155947 -0.192189 0.974216
1548266470.40084 0.158832 -1.47437 1.96707 -0.117412 -0.0153855 -0.190745 0.974471
1548266470.43421 0.157539 -1.46861 1.96876 -0.119289 -0.0177804 -0.187927 0.97475
1548266470.46752 0.15654 -1.46352 1.97081 -0.116148 -0.0161367 -0.186071 0.975514
1548266470.50097 0.154808 -1.45762 1.97232 -0.116561 -0.0149146 -0.187308 0.975247
1548266470.53415 0.152937 -1.45035 1.97339 -0.120464 -0.0152356 -0.183039 0.975578
1548266470.56751 0.15059 -1.44308 1.97463 -0.121008 -0.0164338 -0.179343 0.976178
1548266470.60101 0.14749 -1.43579 1.97518 -0.124083 -0.0177721 -0.177152 0.976168
1548266470.63427 0.143755 -1.42799 1.97559 -0.126327 -0.017793 -0.173829 0.976478
1548266470.66761 0.139231 -1.41944 1.97576 -0.126547 -0.0190942 -0.16965 0.977159
1548266470.70069 0.134055 -1.41211 1.97496 -0.127622 -0.0206214 -0.167617 0.977339
1548266470.73414 0.128782 -1.40414 1.97373 -0.131293 -0.0198708 -0.165792 0.97718
1548266470.76751 0.123024 -1.39726 1.97251 -0.130136 -0.0222298 -0.165477 0.977337
1548266470.80081 0.1168 -1.39194 1.97079 -0.127312 -0.0223786 -0.165374 0.977723
1548266470.83408 0.110502 -1.38674 1.96845 -0.127315 -0.0214483 -0.16458 0.977877
1548266470.86749 0.103796 -1.38192 1.96599 -0.126105 -0.0217239 -0.161151 0.978599
1548266470.90069 0.0973266 -1.37786 1.96306 -0.125791 -0.0208471 -0.161648 0.978576
1548266470.93402 0.0911389 -1.37404 1.95989 -0.125463 -0.0182002 -0.161469 0.978701
1548266470.96736 0.0844197 -1.37044 1.95622 -0.125615 -0.017571 -0.15926 0.979055
1548266471.00062 0.0778778 -1.36746 1.95268 -0.120449 -0.0154838 -0.159298 0.979733
1548266471.03415 0.0716044 -1.3647 1.94869 -0.115944 -0.0147043 -0.15976 0.980213
1548266471.06733 0.0654673 -1.3619 1.94438 -0.113548 -0.0137882 -0.159662 0.980523
1548266471.10089 0.0598181 -1.359 1.93955 -0.11349 -0.0110129 -0.15768 0.980885
1548266471.13398 0.054171 -1.35635 1.93477 -0.10809 -0.00927075 -0.15789 0.981479
1548266471.16738 0.0487146 -1.35303 1.92973 -0.103728 -0.00869571 -0.155888 0.982275
1548266471.20092 0.0437562 -1.34917 1.92449 -0.101562 -0.0082712 -0.152465 0.983042
1548266471.23427 0.0389233 -1.3454 1.91905 -0.0978907 -0.00760143 -0.152133 0.983471
1548266471.26751 0.0348466 -1.34077 1.91324 -0.0983093 -0.00636307 -0.150934 0.983623
1548266471.30097 0.0305861 -1.33676 1.90779 -0.0958959 -0.00657253 -0.146969 0.98446
1548266471.33408 0.0280948 -1.33351 1.90256 -0.093608 -0.00315427 -0.149775 0.984274
1548266471.36744 0.0253314 -1.33046 1.89781 -0.0931636 -0.00151676 -0.146774 0.984772
1548266471.40078 0.022705 -1.3282 1.89351 -0.092801 -2.85742e-05 -0.145493 0.984997
1548266471.43403 0.0198313 -1.32662 1.88917 -0.0921821 0.0023851 -0.149386 0.98447
1548266471.46757 0.0169414 -1.32457 1.88491 -0.0923589 0.00331556 -0.148071 0.984649
1548266471.50074 0.0140331 -1.322 1.88093 -0.0932822 0.00224632 -0.143564 0.985232
1548266471.53424 0.00996441 -1.32011 1.8765 -0.0924363 0.000259595 -0.1449 0.985119
1548266471.56742 0.00619735 -1.31798 1.87138 -0.0942996 0.00168249 -0.150062 0.984168
1548266471.60083 0.0026534 -1.31598 1.86622 -0.096832 0.00263581 -0.153271 0.983425
1548266471.63399 -0.00129036 -1.314 1.86143 -0.0965675 0.00238242 -0.152888 0.983511
1548266471.66739 -0.0052413 -1.31237 1.85664 -0.0972422 0.00131037 -0.154479 0.983198
1548266471.70084 -0.0087533 -1.31087 1.85205 -0.0992166 0.000926688 -0.153954 0.983084
1548266471.73403 -0.013183 -1.3092 1.84845 -0.0983455 -0.00600723 -0.141599 0.985009
1548266471.76734 -0.0180207 -1.30884 1.84518 -0.0981437 -0.0104536 -0.133591 0.98611
1548266471.80076 -0.0218217 -1.30981 1.8422 -0.0973409 -0.0113683 -0.138799 0.985459
1548266471.83406 -0.0250585 -1.31121 1.84014 -0.0955595 -0.0153791 -0.132272 0.986477
1548266471.86730 -0.0274715 -1.31366 1.83898 -0.0943405 -0.0197306 -0.12113 0.987946
1548266471.90077 -0.0295764 -1.31738 1.8384 -0.0933446 -0.0219125 -0.115769 0.988638
1548266471.93410 -0.0310421 -1.32167 1.83859 -0.0920356 -0.0230999 -0.112518 0.989109
1548266471.96748 -0.0319117 -1.32631 1.83958 -0.0891154 -0.0265552 -0.107749 0.98982
1548266472.00107 -0.0322283 -1.33079 1.84085 -0.0901318 -0.0259566 -0.110055 0.98949
1548266472.03420 -0.0325948 -1.33483 1.84261 -0.0881703 -0.0257912 -0.110509 0.98962
1548266472.06761 -0.0334386 -1.33765 1.84513 -0.0884821 -0.0289048 -0.106922 0.989901
1548266472.10112 -0.0337163 -1.3397 1.84752 -0.0923589 -0.0279888 -0.106868 0.989579
1548266472.13427 -0.034221 -1.34177 1.85068 -0.0929981 -0.0268902 -0.110204 0.989183
1548266472.16746 -0.0349616 -1.34341 1.85463 -0.0946852 -0.0293958 -0.107358 0.989265
1548266472.20103 -0.0354532 -1.34456 1.85928 -0.0977292 -0.0315761 -0.10522 0.989131
1548266472.23409 -0.0359036 -1.34626 1.86445 -0.0996907 -0.0304193 -0.110053 0.988446
1548266472.26754 -0.0365258 -1.3477 1.87045 -0.102384 -0.0333532 -0.108698 0.988226
1548266472.30097 -0.0375343 -1.34891 1.87739 -0.104441 -0.038859 -0.106105 0.988091
1548266472.33436 -0.0381325 -1.35092 1.88449 -0.108478 -0.0385805 -0.107311 0.987537
1548266472.36733 -0.0390853 -1.35416 1.89257 -0.107886 -0.0418914 -0.105655 0.987645
1548266472.40059 -0.039941 -1.35685 1.9005 -0.111032 -0.0473459 -0.101269 0.987509
1548266472.43397 -0.0404007 -1.3612 1.9085 -0.11142 -0.0481115 -0.104752 0.987065
1548266472.46740 -0.0404066 -1.36556 1.91623 -0.111824 -0.0494347 -0.107042 0.986709
1548266472.50087 -0.0407033 -1.36957 1.92396 -0.114968 -0.0533545 -0.106279 0.986225
1548266472.53409 -0.0402609 -1.37358 1.9309 -0.117877 -0.0514261 -0.108564 0.985735
1548266472.56723 -0.0397349 -1.37785 1.93753 -0.117439 -0.0509841 -0.113434 0.985262
1548266472.60073 -0.0396102 -1.38134 1.94375 -0.119382 -0.0517341 -0.115511 0.984748
1548266472.63391 -0.0398864 -1.38403 1.94971 -0.122486 -0.0527836 -0.113781 0.984513
1548266472.66734 -0.0397458 -1.38663 1.95521 -0.124691 -0.0527022 -0.117644 0.983786
1548266472.70090 -0.0395094 -1.38872 1.96069 -0.128302 -0.0527015 -0.11896 0.983163
1548266472.73384 -0.0394237 -1.39038 1.96613 -0.130455 -0.0545069 -0.118369 0.982853
1548266472.76741 -0.0385237 -1.39285 1.97118 -0.133996 -0.0538816 -0.123237 0.981812
1548266472.80105 -0.0372179 -1.39572 1.976 -0.135867 -0.0534248 -0.125731 0.981263
1548266472.83431 -0.0358757 -1.39886 1.98083 -0.13796 -0.0543218 -0.123344 0.981225
1548266472.86746 -0.0341384 -1.40315 1.98547 -0.140301 -0.0535108 -0.126177 0.980577
1548266472.90115 -0.0316037 -1.4085 1.99007 -0.144791 -0.0503004 -0.132912 0.979204
1548266472.93425 -0.0301527 -1.41457 1.9947 -0.143195 -0.0528321 -0.131077 0.979552
1548266472.96760 -0.0284632 -1.42117 1.99941 -0.142821 -0.0536836 -0.132717 0.97934
1548266473.00106 -0.0264785 -1.42891 2.00357 -0.147071 -0.0483158 -0.140977 0.977835
1548266473.03400 -0.0239972 -1.43642 2.00805 -0.146748 -0.0496558 -0.141654 0.977719
1548266473.06770 -0.0225751 -1.44408 2.01227 -0.143834 -0.0531711 -0.141832 0.977941
1548266473.10096 -0.0212045 -1.45231 2.01659 -0.143056 -0.0528874 -0.148099 0.977141
1548266473.13421 -0.019609 -1.46059 2.02075 -0.143891 -0.0519395 -0.150831 0.976651
1548266473.16756 -0.0178108 -1.46807 2.02485 -0.143429 -0.0538426 -0.150278 0.976702
1548266473.20074 -0.0158579 -1.47588 2.02879 -0.1425 -0.0542876 -0.154488 0.976156
1548266473.23409 -0.0133056 -1.48367 2.03205 -0.143519 -0.0538737 -0.157662 0.975522
1548266473.26742 -0.010597 -1.49111 2.03522 -0.142152 -0.0548573 -0.156608 0.975837
1548266473.30080 -0.00808708 -1.49853 2.03814 -0.141643 -0.0557154 -0.159936 0.975322
1548266473.33421 -0.00485209 -1.50622 2.04103 -0.142339 -0.0551636 -0.163567 0.97465
1548266473.36745 -0.000990903 -1.51362 2.04386 -0.145436 -0.0528991 -0.166009 0.973905
1548266473.40078 0.00295786 -1.52157 2.0461 -0.142398 -0.0547611 -0.169061 0.973726
1548266473.43387 0.00681784 -1.53038 2.04792 -0.13977 -0.0551 -0.169689 0.973978
1548266473.46716 0.0108054 -1.53901 2.04882 -0.138208 -0.0540963 -0.170159 0.974176
1548266473.50067 0.0150096 -1.54774 2.04908 -0.136097 -0.0524973 -0.176225 0.973482
1548266473.53395 0.0188217 -1.55615 2.04857 -0.134345 -0.0530463 -0.17724 0.973511
1548266473.56740 0.0220698 -1.56433 2.04719 -0.134049 -0.0553627 -0.174859 0.973853
1548266473.60099 0.0257902 -1.57265 2.04512 -0.13166 -0.0549377 -0.177194 0.973781
1548266473.63436 0.0297049 -1.58032 2.04247 -0.130443 -0.0551413 -0.177986 0.973789
1548266473.66756 0.0334822 -1.58656 2.03889 -0.131271 -0.0547932 -0.181687 0.973014
1548266473.70084 0.0371824 -1.5929 2.03473 -0.131227 -0.0534516 -0.177604 0.973848
1548266473.73414 0.040918 -1.59818 2.03025 -0.130016 -0.0543045 -0.174616 0.974503
1548266473.76740 0.0449572 -1.60304 2.02568 -0.130367 -0.0550633 -0.174884 0.974365
1548266473.80105 0.0486665 -1.60863 2.02065 -0.128375 -0.0545757 -0.172032 0.975165
1548266473.83412 0.0522783 -1.61428 2.01532 -0.126987 -0.052163 -0.173573 0.975205
1548266473.86746 0.056805 -1.61933 2.0103 -0.127673 -0.0496673 -0.173389 0.975279
1548266473.90113 0.0609776 -1.62521 2.00482 -0.125787 -0.0474102 -0.171092 0.976042
1548266473.93427 0.0648551 -1.63166 1.99862 -0.125048 -0.0433419 -0.173889 0.975832
1548266473.96757 0.0683609 -1.63743 1.99237 -0.124049 -0.0396766 -0.172347 0.976388
1548266474.00082 0.0708919 -1.64348 1.98575 -0.123061 -0.0366981 -0.17105 0.976858
1548266474.03403 0.0723418 -1.64936 1.97883 -0.122879 -0.03363 -0.17139 0.976932
1548266474.06728 0.0732175 -1.6559 1.97223 -0.119022 -0.0318854 -0.172839 0.977212
1548266474.10067 0.0732281 -1.66336 1.96559 -0.114294 -0.0308893 -0.171011 0.97813
1548266474.13403 0.0728798 -1.67101 1.95888 -0.112369 -0.0292071 -0.171709 0.978282
1548266474.16759 0.0721795 -1.67938 1.95218 -0.109413 -0.0271082 -0.171293 0.978751
1548266474.20040 0.0707092 -1.68855 1.9455 -0.105942 -0.0258905 -0.169274 0.979516
1548266474.23387 0.0686382 -1.69763 1.93906 -0.103193 -0.0243001 -0.167987 0.980072
1548266474.26743 0.066327 -1.707 1.93291 -0.0980533 -0.0242396 -0.167278 0.980722
1548266474.30079 0.0634686 -1.71658 1.92688 -0.0944281 -0.0243969 -0.166421 0.98122
1548266474.33418 0.0604357 -1.72662 1.92098 -0.0933039 -0.0222542 -0.166725 0.981327
1548266474.36758 0.0566802 -1.73718 1.91525 -0.0883122 -0.0225539 -0.165914 0.981919
1548266474.40091 0.0521183 -1.74733 1.90942 -0.0871788 -0.0223522 -0.163341 0.982456
1548266474.43420 0.0467977 -1.7574 1.9042 -0.0814014 -0.0227934 -0.160425 0.983422
1548266474.46757 0.0410192 -1.76711 1.89889 -0.0786708 -0.0240609 -0.157122 0.984147
1548266474.50107 0.0346636 -1.77699 1.89375 -0.076805 -0.0248409 -0.157096 0.984279
1548266474.53429 0.0278857 -1.7871 1.8891 -0.0702269 -0.025469 -0.154794 0.985119
1548266474.56727 0.0209351 -1.79685 1.88476 -0.0674941 -0.0281204 -0.152557 0.985586
1548266474.60112 0.0138481 -1.80648 1.88016 -0.0683449 -0.0282475 -0.150834 0.985789
1548266474.63411 0.00663838 -1.81678 1.87616 -0.0634128 -0.0265426 -0.150997 0.986141
1548266474.66755 -0.000787395 -1.82639 1.8719 -0.0641472 -0.0239985 -0.147562 0.986679
1548266474.70089 -0.00879361 -1.83633 1.86804 -0.0626763 -0.0254816 -0.14688 0.986838
1548266474.73426 -0.0173799 -1.84612 1.86415 -0.0612276 -0.0249992 -0.14679 0.986954
1548266474.76738 -0.025948 -1.85547 1.86014 -0.0630758 -0.0251547 -0.146161 0.986927
1548266474.80087 -0.0347191 -1.86462 1.85657 -0.0604928 -0.0254822 -0.141742 0.987725
1548266474.83426 -0.043528 -1.87394 1.85335 -0.0549847 -0.0281512 -0.139182 0.988338
1548266474.86736 -0.0518381 -1.88299 1.84969 -0.0545089 -0.0276298 -0.139964 0.988269
1548266474.90073 -0.059266 -1.89123 1.84603 -0.0568785 -0.0261443 -0.138488 0.988384
1548266474.93413 -0.0665171 -1.89935 1.84282 -0.0582356 -0.025321 -0.13431 0.988903
1548266474.96745 -0.0739938 -1.90826 1.84041 -0.0491873 -0.025837 -0.136342 0.989103
1548266475.00078 -0.08057 -1.91562 1.83725 -0.0499744 -0.0232977 -0.137317 0.988991
1548266475.03414 -0.0873337 -1.92272 1.8339 -0.0518801 -0.0221595 -0.134036 0.989369
1548266475.06748 -0.0937793 -1.92979 1.83059 -0.0475927 -0.0210417 -0.13232 0.98984
1548266475.10083 -0.09965 -1.93656 1.82641 -0.0476039 -0.0186973 -0.132611 0.989848
1548266475.13426 -0.105564 -1.94255 1.82181 -0.0475989 -0.0185453 -0.128726 0.990364
1548266475.16750 -0.111321 -1.94843 1.81677 -0.0483367 -0.0177478 -0.12532 0.990779
1548266475.20086 -0.116714 -1.95467 1.81141 -0.0444047 -0.0169059 -0.125684 0.990932
1548266475.23418 -0.122088 -1.96008 1.80563 -0.0426126 -0.0147454 -0.122531 0.99144
1548266475.26733 -0.127229 -1.96492 1.79932 -0.039792 -0.0144649 -0.117658 0.992151
1548266475.30099 -0.132011 -1.96975 1.79237 -0.0405093 -0.0138932 -0.11406 0.99255
1548266475.33430 -0.136254 -1.97514 1.7852 -0.0366865 -0.0138787 -0.110503 0.993101
1548266475.36744 -0.140055 -1.98063 1.77771 -0.0344723 -0.0134485 -0.105316 0.99375
1548266475.40095 -0.143748 -1.98602 1.76999 -0.0329287 -0.011528 -0.101744 0.994199
1548266475.43431 -0.148444 -1.99149 1.76242 -0.0295886 -0.011046 -0.100183 0.994468
1548266475.46738 -0.153879 -1.9969 1.75549 -0.0264355 -0.00975925 -0.098859 0.994702
1548266475.50109 -0.159334 -2.00177 1.74907 -0.0219078 -0.0101789 -0.0941323 0.995267
1548266475.53414 -0.165142 -2.00582 1.74322 -0.0171149 -0.011883 -0.0903456 0.995692
1548266475.56734 -0.171075 -2.00919 1.73735 -0.0154819 -0.0121026 -0.0894679 0.995796
1548266475.60077 -0.178323 -2.01211 1.73235 -0.0146295 -0.0109773 -0.089114 0.995853
1548266475.63416 -0.186221 -2.0143 1.72836 -0.0121142 -0.0125162 -0.0901101 0.99578
1548266475.66739 -0.195043 -2.01556 1.72518 -0.0112668 -0.011812 -0.0911063 0.995707
1548266475.70062 -0.204672 -2.01594 1.72332 -0.00887808 -0.0151592 -0.08988 0.995798
1548266475.73419 -0.214566 -2.01493 1.72262 -0.00704996 -0.0215623 -0.0851318 0.996111
1548266475.76742 -0.224795 -2.01311 1.72293 -0.00777618 -0.0251985 -0.0828952 0.996209
1548266475.80078 -0.234437 -2.01099 1.72429 -0.00693864 -0.0296633 -0.0806148 0.99628
1548266475.83410 -0.243762 -2.00826 1.72723 -0.00487032 -0.0375238 -0.0739007 0.996548
1548266475.86737 -0.252393 -2.00432 1.73093 -0.00730066 -0.0395213 -0.0725099 0.996558
1548266475.90082 -0.260105 -1.99994 1.73529 -0.00706229 -0.0429292 -0.0757764 0.996175
1548266475.93420 -0.266935 -1.99471 1.74035 -0.00939018 -0.0461652 -0.0700566 0.99643
1548266475.96747 -0.273489 -1.98885 1.74601 -0.0122813 -0.049418 -0.0678533 0.996395
1548266476.00118 -0.27911 -1.98323 1.75213 -0.0121479 -0.0511016 -0.0699489 0.996167
1548266476.03430 -0.284282 -1.97719 1.75851 -0.0151145 -0.0526341 -0.0661459 0.996306
1548266476.06748 -0.289465 -1.97098 1.76558 -0.0157885 -0.0579677 -0.062508 0.996235
1548266476.10080 -0.294156 -1.96505 1.77263 -0.0186432 -0.0578238 -0.0658905 0.995976
1548266476.13420 -0.29838 -1.95948 1.77989 -0.0175246 -0.0604292 -0.0652782 0.995881
1548266476.16729 -0.302966 -1.95331 1.78743 -0.0193744 -0.0661068 -0.0586143 0.995901
1548266476.20103 -0.30669 -1.94762 1.79529 -0.019973 -0.0672594 -0.0559775 0.995964
1548266476.23442 -0.310241 -1.94191 1.80304 -0.0215352 -0.0710459 -0.0561651 0.995658
1548266476.26762 -0.313375 -1.93614 1.81103 -0.0246619 -0.0747367 -0.0501899 0.995634
1548266476.30090 -0.316102 -1.92993 1.81893 -0.0306271 -0.077954 -0.0453841 0.995452
1548266476.33433 -0.319338 -1.92481 1.82749 -0.027616 -0.0835966 -0.0400618 0.995311
1548266476.36712 -0.3206 -1.9192 1.83543 -0.0333084 -0.0847883 -0.03777 0.995126
1548266476.40086 -0.322265 -1.91392 1.84409 -0.0311371 -0.0889824 -0.032659 0.995011
1548266476.43416 -0.322994 -1.90773 1.85267 -0.0341603 -0.0913884 -0.0276018 0.994846
1548266476.46732 -0.323645 -1.9013 1.86146 -0.035135 -0.0926756 -0.0252682 0.994755
1548266476.50070 -0.324122 -1.89469 1.87001 -0.0385166 -0.0944523 -0.0228505 0.994522
1548266476.53421 -0.323776 -1.88692 1.87834 -0.0459892 -0.0966438 -0.0164605 0.99412
1548266476.56757 -0.323174 -1.8798 1.88707 -0.0456648 -0.100272 -0.0114287 0.993846
1548266476.60072 -0.321585 -1.87295 1.89529 -0.047922 -0.101596 -0.00949416 0.993626
1548266476.63397 -0.31932 -1.86676 1.90342 -0.0504637 -0.103573 -0.00244658 0.993338
1548266476.66735 -0.316888 -1.86025 1.91132 -0.0555426 -0.108083 0.00342074 0.992583
1548266476.70079 -0.313143 -1.85475 1.91907 -0.0583118 -0.110049 0.00784603 0.992183
1548266476.73420 -0.308939 -1.8503 1.92632 -0.0598675 -0.110603 0.00969664 0.992013
1548266476.76757 -0.304748 -1.84634 1.9332 -0.0611359 -0.11063 0.0125078 0.991901
1548266476.80101 -0.300183 -1.84252 1.93975 -0.0639566 -0.111161 0.0181606 0.991576
1548266476.83436 -0.295699 -1.83992 1.94625 -0.0650278 -0.111693 0.0204853 0.991401
1548266476.86774 -0.292095 -1.83821 1.95243 -0.0644404 -0.112992 0.0249061 0.991191
1548266476.90086 -0.288366 -1.83702 1.95842 -0.0664656 -0.11364 0.0269575 0.99093
1548266476.93384 -0.284831 -1.83683 1.96427 -0.0667507 -0.113979 0.0301261 0.99078
1548266476.96755 -0.281761 -1.83694 1.96965 -0.0683119 -0.116858 0.0357479 0.990151
1548266477.00084 -0.279177 -1.83764 1.97519 -0.0664688 -0.120514 0.0416911 0.989606
1548266477.03438 -0.276269 -1.83833 1.98014 -0.0679011 -0.123418 0.0478371 0.988873
1548266477.06761 -0.2732 -1.83954 1.98476 -0.0676916 -0.126324 0.0554281 0.988123
1548266477.10109 -0.270457 -1.84064 1.98888 -0.0683159 -0.128995 0.0610195 0.987406
1548266477.13430 -0.267394 -1.84251 1.99308 -0.067186 -0.129171 0.0644447 0.987242
1548266477.16741 -0.264252 -1.8438 1.99709 -0.0674731 -0.130154 0.0698619 0.986725
1548266477.20087 -0.261578 -1.84452 2.00089 -0.0704012 -0.132603 0.0795524 0.98546
1548266477.23398 -0.258873 -1.8458 2.00487 -0.0699114 -0.132743 0.0888311 0.984683
1548266477.26728 -0.255838 -1.84662 2.00862 -0.0720119 -0.133264 0.0947311 0.983911
1548266477.30082 -0.252929 -1.84749 2.01224 -0.0758473 -0.134142 0.102219 0.982754
1548266477.33403 -0.250206 -1.84868 2.01584 -0.0782997 -0.135149 0.11133 0.981432
1548266477.36745 -0.247497 -1.85062 2.0194 -0.0787977 -0.133113 0.119691 0.980686
1548266477.40065 -0.245263 -1.85229 2.02242 -0.082448 -0.134706 0.125125 0.97949
1548266477.43399 -0.24332 -1.85495 2.02571 -0.0823022 -0.135301 0.134562 0.978168
1548266477.46731 -0.241348 -1.85817 2.02879 -0.0818761 -0.134258 0.139979 0.977587
1548266477.50091 -0.239624 -1.86203 2.03168 -0.0818803 -0.134004 0.142454 0.977264
1548266477.53420 -0.238521 -1.86594 2.03442 -0.0807999 -0.134981 0.149301 0.976197
1548266477.56741 -0.238315 -1.86992 2.03683 -0.0818445 -0.136476 0.156896 0.97471
1548266477.60093 -0.2381 -1.87428 2.03888 -0.0802015 -0.138033 0.159045 0.974279
1548266477.63440 -0.238545 -1.87827 2.04091 -0.0779845 -0.139462 0.16404 0.973427
1548266477.66748 -0.238948 -1.88192 2.04287 -0.0769814 -0.142338 0.169711 0.972117
1548266477.70116 -0.23961 -1.88537 2.04463 -0.076318 -0.144615 0.177136 0.970508
1548266477.73435 -0.240201 -1.88873 2.04658 -0.0714977 -0.145103 0.183457 0.969627
1548266477.76769 -0.240467 -1.89089 2.04847 -0.0710269 -0.146434 0.190431 0.968116
1548266477.80107 -0.241007 -1.89265 2.05013 -0.0709583 -0.148439 0.196942 0.966512
1548266477.83443 -0.240969 -1.89379 2.05179 -0.0703406 -0.149837 0.198983 0.965923
1548266477.86750 -0.240925 -1.89491 2.05368 -0.0676949 -0.146835 0.206779 0.964935
1548266477.90074 -0.241668 -1.8943 2.05491 -0.0701646 -0.149127 0.210556 0.963589
1548266477.93425 -0.242324 -1.89373 2.05611 -0.0696947 -0.148999 0.212952 0.963117
1548266477.96717 -0.242865 -1.89272 2.05719 -0.0710376 -0.147991 0.215045 0.962709
1548266478.00053 -0.243046 -1.89194 2.05838 -0.071231 -0.147443 0.223357 0.960884
1548266478.03395 -0.243456 -1.89088 2.0591 -0.0721561 -0.14646 0.225331 0.960504
1548266478.06739 -0.24379 -1.88967 2.05942 -0.0726435 -0.145817 0.224169 0.960837
1548266478.10090 -0.243849 -1.88827 2.05941 -0.0729461 -0.145391 0.229847 0.959537
1548266478.13406 -0.243491 -1.88704 2.05877 -0.0744465 -0.1437 0.226839 0.960392
1548266478.16729 -0.241692 -1.88709 2.05737 -0.0751225 -0.136458 0.223973 0.962066
1548266478.20085 -0.24071 -1.88697 2.05529 -0.0728295 -0.133155 0.225468 0.962356
1548266478.23401 -0.240858 -1.88624 2.05225 -0.0724489 -0.131982 0.221896 0.963376
1548266478.26734 -0.240354 -1.88709 2.04867 -0.0713611 -0.127368 0.220752 0.964341
1548266478.30076 -0.241377 -1.88681 2.04442 -0.071952 -0.126407 0.212732 0.966224
1548266478.33410 -0.242818 -1.88763 2.04035 -0.0704689 -0.125297 0.209181 0.967253
1548266478.36747 -0.244341 -1.88883 2.03593 -0.0719132 -0.120922 0.19794 0.970065
1548266478.40060 -0.246825 -1.88964 2.03172 -0.0713288 -0.119504 0.191323 0.97161
1548266478.43431 -0.249876 -1.8903 2.02747 -0.071295 -0.121238 0.191232 0.971416
1548266478.46758 -0.251997 -1.89112 2.02297 -0.0724961 -0.120214 0.188526 0.971983
1548266478.50109 -0.253784 -1.89217 2.01882 -0.0714173 -0.11833 0.182205 0.973498
1548266478.53417 -0.255146 -1.89296 2.01449 -0.0705425 -0.117582 0.180723 0.973929
1548266478.56749 -0.256496 -1.89273 2.00982 -0.0733643 -0.115977 0.176783 0.974636
1548266478.60099 -0.257065 -1.89213 2.00531 -0.0736329 -0.113555 0.171359 0.975869
1548266478.63444 -0.25762 -1.89121 2.00112 -0.073296 -0.11063 0.168715 0.97669
1548266478.66766 -0.258308 -1.88981 1.99703 -0.0751317 -0.107793 0.166076 0.97732
1548266478.70106 -0.258372 -1.88803 1.99321 -0.0759401 -0.10444 0.162492 0.978224
1548266478.73425 -0.258365 -1.88628 1.98961 -0.0766446 -0.100332 0.157096 0.979479
1548266478.76745 -0.25882 -1.88462 1.98645 -0.0781352 -0.0974185 0.155497 0.979911
1548266478.80069 -0.260069 -1.88345 1.98365 -0.0784348 -0.0962325 0.155102 0.980067
1548266478.83408 -0.261297 -1.88237 1.9809 -0.0775296 -0.0944075 0.150748 0.980995
1548266478.86713 -0.263295 -1.88173 1.97826 -0.0768909 -0.093117 0.149977 0.981287
1548266478.90103 -0.264973 -1.87969 1.9749 -0.0784336 -0.0977223 0.146498 0.981243
1548266478.93423 -0.266154 -1.8776 1.97127 -0.080864 -0.0956365 0.144413 0.98156
1548266478.96727 -0.267509 -1.87617 1.96801 -0.078035 -0.0911025 0.144637 0.982187
1548266479.00095 -0.268806 -1.87414 1.96447 -0.0787722 -0.0884571 0.142789 0.98264
1548266479.03390 -0.269485 -1.87185 1.96014 -0.0813551 -0.0936006 0.136828 0.982801
1548266479.06738 -0.269962 -1.87007 1.9561 -0.0804666 -0.0918946 0.13271 0.9836
1548266479.10079 -0.270726 -1.86884 1.95244 -0.0769438 -0.0839046 0.133507 0.984487
1548266479.13402 -0.271095 -1.86709 1.94818 -0.0771056 -0.0844169 0.130989 0.984769
1548266479.16769 -0.27052 -1.86568 1.94381 -0.07629 -0.0803683 0.127384 0.985644
1548266479.20078 -0.270953 -1.8641 1.93865 -0.0752182 -0.0777361 0.0984052 0.98925
1548266479.23420 -0.268622 -1.86189 1.93505 -0.0765278 -0.0744062 0.118882 0.987155
1548266479.26753 -0.270461 -1.8619 1.93288 -0.120329 -0.0623968 0.0945532 0.986249
1548266479.30102 -0.269218 -1.85863 1.92708 -0.0946512 -0.0603032 0.100579 0.988579
1548266479.33440 -0.269193 -1.85628 1.92258 -0.0789477 -0.0681483 0.0997253 0.989534
1548266479.36750 -0.270227 -1.85457 1.91882 -0.0749715 -0.0627888 0.0921975 0.990927
1548266479.40096 -0.272203 -1.8523 1.91438 -0.0793322 -0.0614116 0.0814905 0.991612
1548266479.43426 -0.27396 -1.85096 1.91042 -0.0803719 -0.0589311 0.0726103 0.992369
1548266479.46758 -0.275751 -1.84978 1.9068 -0.0778398 -0.0565273 0.0663669 0.993147
1548266479.50070 -0.278002 -1.84856 1.90284 -0.0797144 -0.0534938 0.057581 0.993715
1548266479.53423 -0.280409 -1.84808 1.89919 -0.0768478 -0.0494842 0.0490095 0.994607
1548266479.56734 -0.283174 -1.84706 1.89525 -0.0776212 -0.0476698 0.0418663 0.994962
1548266479.60093 -0.286175 -1.84603 1.89084 -0.0785361 -0.0449314 0.0303904 0.995434
1548266479.63402 -0.289534 -1.84529 1.8863 -0.0773766 -0.0427219 0.0207762 0.99587
1548266479.66720 -0.293058 -1.84477 1.88153 -0.0779679 -0.0405966 0.0127251 0.996048
1548266479.70071 -0.297422 -1.84507 1.87681 -0.0744585 -0.0375105 0.00276048 0.996515
1548266479.73417 -0.301605 -1.84503 1.87162 -0.0751406 -0.0357472 -0.00898979 0.996491
1548266479.76731 -0.305935 -1.84527 1.86661 -0.0731535 -0.0315268 -0.0161965 0.996691
1548266479.80099 -0.310158 -1.84495 1.86137 -0.0723432 -0.0292986 -0.0260161 0.99661
1548266479.83425 -0.314113 -1.84496 1.85616 -0.0709219 -0.0271287 -0.0363899 0.996449
1548266479.86734 -0.316997 -1.84512 1.85138 -0.0689858 -0.0227031 -0.0460322 0.996296
1548266479.90065 -0.31977 -1.84435 1.84665 -0.0706039 -0.0179666 -0.0499414 0.996092
1548266479.93392 -0.322058 -1.84392 1.84208 -0.0686977 -0.0146633 -0.0632808 0.995521
1548266479.96761 -0.324024 -1.84339 1.83775 -0.0747673 -0.00709079 -0.0638648 0.995129
1548266480.00091 -0.326594 -1.84176 1.83326 -0.0752195 -0.00554273 -0.068461 0.994799
1548266480.03432 -0.329155 -1.8405 1.82902 -0.0679802 -0.00518364 -0.0850258 0.994044
1548266480.06759 -0.332162 -1.83907 1.82523 -0.0737061 -0.000127911 -0.0856515 0.993595
1548266480.10087 -0.33527 -1.83781 1.82176 -0.0679148 -0.00304234 -0.0949542 0.993158
1548266480.13441 -0.338423 -1.83592 1.81784 -0.0760771 0.00144417 -0.0969389 0.992378
1548266480.16763 -0.341244 -1.83536 1.81442 -0.0668902 -0.000910067 -0.105698 0.992146
1548266480.20087 -0.34359 -1.83388 1.81074 -0.0676496 -0.000858779 -0.107659 0.991883
1548266480.23433 -0.345025 -1.83238 1.80697 -0.0694393 0.00190172 -0.111157 0.991372
1548266480.26739 -0.345885 -1.83158 1.80342 -0.0685137 0.00201066 -0.117369 0.99072
1548266480.30097 -0.346709 -1.83064 1.79995 -0.0682252 0.00207321 -0.119276 0.990512
1548266480.33432 -0.346584 -1.82923 1.79653 -0.0703574 0.00409237 -0.122579 0.989953
1548266480.36739 -0.346537 -1.82826 1.79365 -0.0672071 0.00692601 -0.126163 0.989706
1548266480.40087 -0.346826 -1.82675 1.79057 -0.0694472 0.00771164 -0.12962 0.989099
1548266480.43379 -0.346742 -1.82551 1.78753 -0.072542 0.0130804 -0.135291 0.98806
1548266480.46727 -0.347661 -1.8249 1.78516 -0.0706097 0.0127172 -0.141725 0.987303
1548266480.50091 -0.348946 -1.82336 1.78287 -0.0739587 0.0157746 -0.145377 0.986482
1548266480.53428 -0.35091 -1.82279 1.78159 -0.0705443 0.0162219 -0.154201 0.985384
1548266480.56727 -0.35306 -1.82118 1.77968 -0.0791103 0.0187451 -0.158819 0.983955
1548266480.60078 -0.355963 -1.82054 1.77933 -0.0761392 0.0170367 -0.162582 0.983606
1548266480.63402 -0.359171 -1.82057 1.77957 -0.0734407 0.015001 -0.168384 0.982867
1548266480.66738 -0.362497 -1.81997 1.77999 -0.0767731 0.0179174 -0.172356 0.981875
1548266480.70092 -0.366591 -1.82021 1.78153 -0.0745903 0.0152593 -0.179075 0.980885
1548266480.73404 -0.370562 -1.82027 1.7835 -0.072487 0.0145169 -0.18392 0.980157
1548266480.76766 -0.374357 -1.81983 1.78568 -0.0764921 0.0143849 -0.187659 0.979146
1548266480.80114 -0.378395 -1.8202 1.78867 -0.0743513 0.0132826 -0.19157 0.978569
1548266480.83424 -0.382329 -1.81975 1.79173 -0.0789894 0.0132054 -0.195418 0.977445
1548266480.86745 -0.386068 -1.81922 1.79517 -0.0776202 0.010993 -0.201456 0.976355
1548266480.90097 -0.390131 -1.81825 1.79888 -0.0766672 0.00842999 -0.203881 0.975953
1548266480.93413 -0.393807 -1.8166 1.80263 -0.0789009 0.006224 -0.209368 0.974629
1548266480.96750 -0.3978 -1.8153 1.80678 -0.0783112 0.00518759 -0.212045 0.974103
1548266481.00101 -0.401625 -1.81342 1.81107 -0.0815294 0.00424953 -0.217883 0.972554
1548266481.03435 -0.405751 -1.81215 1.81589 -0.0826382 0.00222061 -0.220122 0.971963
1548266481.06760 -0.409406 -1.81045 1.82052 -0.0857208 0.00295276 -0.226923 0.970128
1548266481.10099 -0.413424 -1.80896 1.82567 -0.0838821 0.000213106 -0.231579 0.969193
1548266481.13434 -0.416763 -1.80641 1.83055 -0.0885558 -0.000450583 -0.235011 0.96795
1548266481.16732 -0.420434 -1.8043 1.83535 -0.0910243 -0.00224149 -0.238773 0.966797
1548266481.20082 -0.423723 -1.80206 1.84027 -0.0936812 -0.00314429 -0.24281 0.965535
1548266481.23410 -0.426818 -1.79917 1.84514 -0.0963206 -0.00471095 -0.245095 0.964691
1548266481.26740 -0.429776 -1.7968 1.85008 -0.0948968 -0.00572635 -0.250484 0.963442
1548266481.30060 -0.432321 -1.79422 1.85455 -0.0990371 -0.00511309 -0.255422 0.96173
1548266481.33406 -0.434666 -1.79172 1.85893 -0.101802 -0.00484161 -0.258382 0.960652
1548266481.36750 -0.436706 -1.78963 1.86312 -0.103454 -0.0054864 -0.261881 0.959524
1548266481.40073 -0.438541 -1.78731 1.86703 -0.105665 -0.00526401 -0.265777 0.958212
1548266481.43420 -0.440391 -1.78525 1.87108 -0.104613 -0.0044701 -0.269071 0.957412
1548266481.46744 -0.441629 -1.78305 1.87484 -0.11076 -0.000561921 -0.27134 0.956089
1548266481.50083 -0.44282 -1.78023 1.87844 -0.119066 0.00297795 -0.273017 0.954608
1548266481.53401 -0.444211 -1.77793 1.88202 -0.115557 0.00110724 -0.27937 0.953204
1548266481.56761 -0.445891 -1.77548 1.88548 -0.120029 0.00184928 -0.281562 0.952005
1548266481.60092 -0.447338 -1.77338 1.88903 -0.117652 0.00058005 -0.285311 0.951186
1548266481.63442 -0.44847 -1.77178 1.89254 -0.121187 2.00899e-05 -0.287288 0.950147
1548266481.66761 -0.44995 -1.77047 1.89638 -0.122102 0.00159039 -0.28704 0.950103
1548266481.70102 -0.451194 -1.76948 1.90043 -0.123912 0.00229471 -0.289996 0.948969
1548266481.73449 -0.452205 -1.76961 1.90443 -0.124513 0.00246436 -0.294879 0.947384
1548266481.76756 -0.452747 -1.76991 1.90829 -0.126427 0.00410271 -0.296313 0.946678
1548266481.80105 -0.452916 -1.77113 1.91249 -0.125079 0.00342933 -0.29477 0.947341
1548266481.83421 -0.453363 -1.77199 1.91638 -0.125596 0.00317285 -0.296784 0.946644
1548266481.86749 -0.453598 -1.77372 1.91979 -0.12836 0.006315 -0.299215 0.945491
1548266481.90115 -0.454151 -1.77609 1.92301 -0.129295 0.00798652 -0.299943 0.945121
1548266481.93433 -0.454919 -1.77846 1.9257 -0.131846 0.00980082 -0.300965 0.944426
1548266481.96743 -0.456098 -1.78148 1.92801 -0.13304 0.0110476 -0.302445 0.943772
1548266482.00094 -0.457858 -1.78525 1.92986 -0.133732 0.0131785 -0.304872 0.942865
1548266482.03415 -0.459719 -1.78955 1.93149 -0.134767 0.0152788 -0.306703 0.942092
1548266482.06720 -0.462223 -1.79422 1.93246 -0.137431 0.0146389 -0.299325 0.944088
1548266482.10064 -0.464208 -1.80048 1.9327 -0.135356 0.0155033 -0.302912 0.94323
1548266482.13398 -0.466347 -1.80735 1.93211 -0.135133 0.017461 -0.301408 0.94371
1548266482.16727 -0.467965 -1.81403 1.93063 -0.135429 0.0188047 -0.298128 0.944683
1548266482.20096 -0.470273 -1.82122 1.92834 -0.134059 0.0207212 -0.296969 0.945203
1548266482.23403 -0.472322 -1.82826 1.92542 -0.1327 0.0227718 -0.296116 0.945615
1548266482.26754 -0.474218 -1.83502 1.92229 -0.132779 0.024385 -0.291966 0.946853
1548266482.30077 -0.476627 -1.84217 1.91875 -0.131547 0.0249654 -0.29061 0.947427
1548266482.33440 -0.478807 -1.84917 1.91524 -0.132008 0.0269174 -0.287021 0.948403
1548266482.36759 -0.481398 -1.85679 1.91159 -0.129145 0.027926 -0.285549 0.949212
1548266482.40092 -0.484455 -1.86362 1.90751 -0.128364 0.0283091 -0.28333 0.949971
1548266482.43446 -0.487277 -1.87007 1.90343 -0.126993 0.0296104 -0.276456 0.952139
1548266482.46771 -0.491341 -1.8757 1.89905 -0.12575 0.0285153 -0.272768 0.9534
1548266482.50105 -0.495333 -1.88073 1.89457 -0.122149 0.0243841 -0.271933 0.954221
1548266482.53437 -0.499733 -1.8848 1.89008 -0.122183 0.0232059 -0.270791 0.954571
1548266482.56772 -0.503511 -1.88872 1.8859 -0.123589 0.0238687 -0.269398 0.954768
1548266482.60097 -0.507457 -1.89185 1.88164 -0.117132 0.0180271 -0.270484 0.955402
1548266482.63449 -0.510456 -1.8949 1.87702 -0.116667 0.0170081 -0.276036 0.953889
1548266482.66753 -0.512505 -1.89804 1.87282 -0.115392 0.0169603 -0.275753 0.954126
1548266482.70108 -0.513795 -1.90069 1.86885 -0.116876 0.0193116 -0.272485 0.95484
1548266482.73442 -0.514835 -1.90344 1.86476 -0.115686 0.0205321 -0.272187 0.955044
1548266482.76728 -0.515827 -1.9058 1.86059 -0.11486 0.022965 -0.27391 0.954596
1548266482.80089 -0.516725 -1.90795 1.85658 -0.113201 0.0238307 -0.270001 0.955885
1548266482.83436 -0.517481 -1.91018 1.85252 -0.111157 0.0220332 -0.26573 0.957364
1548266482.86750 -0.518225 -1.91187 1.84836 -0.113995 0.0254214 -0.267393 0.956483
1548266482.90097 -0.518352 -1.91447 1.84469 -0.110857 0.0236654 -0.266997 0.957007
1548266482.93423 -0.518094 -1.91701 1.84122 -0.106279 0.0228563 -0.266045 0.957811
1548266482.96774 -0.516468 -1.91987 1.83832 -0.11103 0.0272078 -0.261097 0.95852
1548266483.00102 -0.515444 -1.92256 1.83555 -0.107454 0.0282742 -0.261089 0.958899
1548266483.03415 -0.513611 -1.92523 1.83325 -0.10982 0.0311721 -0.253757 0.960508
1548266483.06735 -0.511868 -1.92766 1.831 -0.103375 0.0267564 -0.250928 0.962098
1548266483.10096 -0.509574 -1.9301 1.82941 -0.10791 0.0317106 -0.246241 0.962661
1548266483.13401 -0.507317 -1.93238 1.82821 -0.0976281 0.0262454 -0.246779 0.963784
1548266483.16758 -0.505082 -1.93474 1.82758 -0.0931915 0.02653 -0.242973 0.965182
1548266483.20103 -0.503277 -1.93622 1.82721 -0.0917443 0.0267679 -0.238705 0.966378
1548266483.23460 -0.50169 -1.93651 1.82677 -0.0935815 0.0272944 -0.236831 0.966648
1548266483.26766 -0.500202 -1.9366 1.82673 -0.0930911 0.0259934 -0.234106 0.967395
1548266483.30100 -0.499111 -1.93548 1.82687 -0.0950309 0.0255196 -0.231723 0.967793
1548266483.33429 -0.498385 -1.93419 1.82724 -0.0949971 0.0245096 -0.231133 0.967963
1548266483.36760 -0.49765 -1.93246 1.82785 -0.0948549 0.0230423 -0.227872 0.968786
1548266483.40123 -0.496878 -1.93085 1.82857 -0.0958122 0.0235675 -0.226449 0.969013
1548266483.43451 -0.496079 -1.92873 1.82913 -0.10001 0.0237572 -0.225203 0.968874
1548266483.46767 -0.495548 -1.9269 1.82968 -0.101313 0.0233342 -0.22428 0.968963
1548266483.50103 -0.49514 -1.9252 1.83023 -0.102458 0.0227718 -0.223156 0.969116
1548266483.53459 -0.494746 -1.9239 1.83084 -0.100535 0.0225628 -0.223307 0.969287
1548266483.56745 -0.494557 -1.92213 1.83118 -0.104051 0.0226727 -0.221353 0.969362
1548266483.60097 -0.494538 -1.92104 1.83157 -0.104212 0.0232531 -0.221036 0.969403
1548266483.63432 -0.494793 -1.92003 1.83175 -0.105318 0.0236572 -0.220194 0.969465
1548266483.66740 -0.495335 -1.91911 1.8319 -0.104108 0.0232845 -0.221882 0.96922
1548266483.70073 -0.49599 -1.91847 1.83203 -0.103965 0.0238726 -0.2203 0.969582
1548266483.73403 -0.496907 -1.91763 1.83219 -0.111314 0.0305958 -0.217567 0.969194
1548266483.76749 -0.497919 -1.91716 1.8317 -0.102856 0.023272 -0.221508 0.96944
1548266483.80050 -0.498629 -1.91664 1.83159 -0.102153 0.0231971 -0.221154 0.969597
1548266483.83419 -0.499257 -1.91644 1.83186 -0.0990763 0.0234386 -0.220147 0.970139
1548266483.86746 -0.499878 -1.9157 1.83207 -0.0978081 0.0231712 -0.22046 0.970203
1548266483.90078 -0.500605 -1.91493 1.83235 -0.0985181 0.0233148 -0.219889 0.970257
1548266483.93427 -0.501545 -1.91422 1.83269 -0.0969981 0.0236267 -0.219697 0.970446
1548266483.96768 -0.502693 -1.9127 1.83296 -0.0982005 0.0220187 -0.222197 0.969794
1548266484.00097 -0.503872 -1.91149 1.83342 -0.0996583 0.0226047 -0.220791 0.969953
1548266484.03445 -0.50519 -1.90999 1.83379 -0.098864 0.0207448 -0.221147 0.969995
1548266484.06758 -0.506138 -1.90835 1.83397 -0.0981857 0.0200765 -0.222719 0.969718
1548266484.10089 -0.506651 -1.90678 1.83408 -0.0997453 0.0198548 -0.222027 0.969722
1548266484.13445 -0.506683 -1.90528 1.83417 -0.10011 0.0205129 -0.222398 0.969586
1548266484.16754 -0.506064 -1.90376 1.83426 -0.100619 0.020985 -0.221977 0.969619
1548266484.20119 -0.50521 -1.90259 1.83434 -0.0999203 0.0209719 -0.222791 0.969505
1548266484.23460 -0.504398 -1.90162 1.83453 -0.0977086 0.0217793 -0.221262 0.970063
1548266484.26747 -0.503591 -1.90062 1.83473 -0.0973924 0.0221417 -0.218914 0.970619
1548266484.30113 -0.502962 -1.89956 1.83496 -0.0954995 0.021917 -0.218462 0.970914
1548266484.33432 -0.50251 -1.8986 1.83526 -0.0952595 0.0224046 -0.217564 0.971128
1548266484.36742 -0.502382 -1.8975 1.83558 -0.0952512 0.022559 -0.218221 0.970978
1548266484.40087 -0.502492 -1.89611 1.83595 -0.0956199 0.0220695 -0.216759 0.97128
1548266484.43431 -0.50277 -1.89465 1.83645 -0.094546 0.0213827 -0.217965 0.971131
1548266484.46751 -0.50306 -1.89284 1.83685 -0.0987071 0.0221934 -0.219684 0.970311
1548266484.50092 -0.503435 -1.89051 1.83732 -0.10244 0.0222619 -0.217756 0.970357
1548266484.53427 -0.503569 -1.88858 1.83813 -0.101675 0.0208303 -0.218579 0.970284
1548266484.56735 -0.502996 -1.88731 1.83901 -0.102331 0.0201653 -0.221941 0.969466
