0.000000000 0.000000000 0.000000000 -0.000000000 -0.000000000 -0.000000000 1.000000000
0.097537458 -0.014235420 -0.083353482 0.009429885 0.005514415 -0.002676738 0.999936759
0.208587110 -0.031921156 -0.162120417 0.018472265 0.011156334 -0.005942451 0.999749482
0.333981007 -0.044885792 -0.231023699 0.027890826 0.017358640 -0.008987975 0.999419868
0.474947542 -0.047692645 -0.285985529 0.037999667 0.023837311 -0.012294731 0.998917758
0.623709738 -0.047103427 -0.322561979 0.047801856 0.030379890 -0.016178278 0.998263657
0.787096083 -0.039352536 -0.342655689 0.057985131 0.037060361 -0.019079981 0.997446895
0.952060342 -0.028273463 -0.354188383 0.067932315 0.043919221 -0.022725513 0.996463656
1.124748707 -0.010145393 -0.359588832 0.078166358 0.050706271 -0.026077900 0.995308518
1.294905543 0.011978971 -0.366290241 0.088295303 0.057784289 -0.029367942 0.993983150
1.495828867 0.029071961 -0.370371133 0.097567178 0.063798621 -0.032880258 0.992637575
1.685854793 0.058564246 -0.391612828 0.107393920 0.069947623 -0.036217276 0.991091430
1.875542879 0.082857668 -0.423116773 0.116285063 0.075967483 -0.039144762 0.989532471
2.067974329 0.115734398 -0.465616167 0.125341520 0.081645966 -0.042152595 0.987849474
2.266323805 0.160010949 -0.523974061 0.134495363 0.086882807 -0.044656273 0.986087382
2.464592218 0.197895959 -0.579130530 0.141824827 0.091445163 -0.047255017 0.984525502
2.673570633 0.263833076 -0.657047570 0.150091708 0.095340513 -0.049196638 0.982833862
2.879059553 0.337836623 -0.730694413 0.157412276 0.098297641 -0.051182199 0.981294751
3.073703766 0.428207785 -0.813494027 0.163876489 0.101163529 -0.052313890 0.979884505
3.259431839 0.537641048 -0.915225565 0.169119701 0.102913365 -0.053578384 0.978742421
3.397475958 0.677099347 -1.062546015 0.175142705 0.103994161 -0.054361723 0.977524996
3.445928574 0.798522115 -1.260881305 0.179232553 0.104064085 -0.054150593 0.976787686
3.429186344 0.886912107 -1.473822594 0.181943238 0.102364570 -0.054079343 0.976469994
3.367644787 0.963171780 -1.678136230 0.184568137 0.100777909 -0.053209927 0.976190150
3.289713621 1.035482764 -1.879984975 0.186626166 0.098603472 -0.051948421 0.976088881
3.203911781 1.116005421 -2.075706959 0.188725978 0.095755242 -0.050519791 0.976043642
3.126960516 1.183425426 -2.262246847 0.189181149 0.091867223 -0.048238844 0.976444602
3.053328514 1.284539938 -2.446652889 0.191011816 0.087793984 -0.046583388 0.976543248
2.987351179 1.368209004 -2.622901201 0.190749869 0.082983293 -0.044174857 0.977126837
2.925854921 1.457560301 -2.788151979 0.190851137 0.078039363 -0.041456502 0.977633417
2.869121313 1.544975638 -2.953859806 0.190126359 0.072683111 -0.038608756 0.978303909
2.817635775 1.612039566 -3.123053312 0.188308358 0.066932142 -0.035129167 0.979196608
2.765743732 1.683498025 -3.284571409 0.186211914 0.061245304 -0.032056864 0.980074823
2.716343164 1.753225207 -3.443981647 0.184506565 0.055521846 -0.028625527 0.980844140
2.666603565 1.815671563 -3.596219540 0.182930067 0.049838062 -0.025293190 0.981536090
2.619066715 1.871031642 -3.750349283 0.181725129 0.044488363 -0.021415705 0.982109010
2.573850393 1.911447525 -3.903160334 0.179674074 0.039093442 -0.017646473 0.982790709
2.531705618 1.938760996 -4.051578045 0.177386791 0.033619884 -0.014554327 0.983459115
2.490493059 1.961090565 -4.198533058 0.175667912 0.028651590 -0.010464221 0.983976841
2.452170134 1.980969310 -4.341710567 0.174015447 0.023961211 -0.007300701 0.984424353
2.415534973 1.990990520 -4.479050636 0.172250345 0.019922346 -0.003780118 0.984844446
2.381363153 1.998283982 -4.612534046 0.170658141 0.015999340 -0.000581091 0.985200286
2.347276449 2.005446911 -4.737203598 0.169495359 0.013000524 0.002758852 0.985441446
2.317146301 2.008833170 -4.861528397 0.168224141 0.010114047 0.005965924 0.985678911
2.287278652 2.009332180 -4.977548122 0.166893810 0.007781981 0.008013245 0.985911608
2.257759333 2.008803368 -5.089425087 0.165457353 0.005834667 0.010632053 0.986142397
2.231192827 2.007396698 -5.198250771 0.164364398 0.004078568 0.012996657 0.986305714
2.205485344 2.012075424 -5.299087048 0.164366692 0.002952496 0.016046850 0.986264408
2.180404186 2.009911060 -5.393966198 0.163758948 0.001831617 0.017949069 0.986335397
2.155634642 2.011243343 -5.480839729 0.163610101 0.001398477 0.019863492 0.986324131
2.135102272 2.006984949 -5.574268818 0.162486896 0.000425445 0.021079173 0.986485422
2.111262798 2.006665230 -5.663588047 0.162569508 0.000531633 0.022996735 0.986428916
2.092438459 2.005321980 -5.740641594 0.162291527 0.000095086 0.024255086 0.986444712
2.072257519 2.006480932 -5.811829567 0.162605003 0.000282706 0.025601560 0.986359000
2.055828810 2.005289555 -5.878452301 0.162816808 0.000246255 0.026677363 0.986295581
2.040741920 2.004667044 -5.940014362 0.162999734 0.000211342 0.027346846 0.986247063
2.022497416 2.005993128 -5.993937969 0.164052084 0.000849295 0.028674643 0.986034513
2.013647795 2.003552198 -6.049717426 0.163700938 0.000460290 0.027952682 0.986113846
2.000831604 2.001758337 -6.094526768 0.163997963 0.000501904 0.027943801 0.986064732
1.989504337 2.002871513 -6.137067318 0.164821684 0.000684587 0.027395219 0.985942662
1.980618834 2.002259016 -6.175921917 0.165251061 0.000402376 0.026905337 0.985884368
1.975630522 2.001897812 -6.208630085 0.165716201 -0.000068551 0.025838871 0.985834956
1.964801908 2.001296520 -6.232593536 0.166358322 -0.000040327 0.024408856 0.985763252
1.961673617 1.997028828 -6.256483555 0.166619688 -0.000811696 0.023132253 0.985749543
1.957652450 1.999491334 -6.271998405 0.167578995 -0.001260840 0.021570517 0.985621870
1.955109239 2.002489567 -6.282772064 0.168750226 -0.001847926 0.020136487 0.985451460
1.949763894 2.001476526 -6.289749146 0.169215873 -0.002231503 0.018303707 0.985406518
1.948271871 2.002943516 -6.290623665 0.170101151 -0.002538033 0.016458977 0.985285878
1.946700692 2.003227949 -6.297053814 0.170918420 -0.003379588 0.014574629 0.985171616
1.943267107 2.002740860 -6.319118500 0.171055153 -0.004110510 0.012191000 0.985177457
1.939160109 2.004596949 -6.341166019 0.172067001 -0.004837452 0.010483310 0.985017598
1.929692388 2.002106190 -6.373199940 0.172421873 -0.005155074 0.008763537 0.984970748
1.918559074 2.000355959 -6.413120270 0.172783002 -0.005486263 0.007041484 0.984919548
1.909034491 2.001170158 -6.461255550 0.173552439 -0.005987658 0.005832558 0.984789193
1.895469904 1.999211073 -6.517040730 0.173775941 -0.006065083 0.004467224 0.984756470
1.879347205 1.998542547 -6.577670574 0.174586058 -0.006197244 0.003858603 0.984614909
1.860772133 1.997513413 -6.646666527 0.175090164 -0.006054791 0.003307261 0.984528244
1.843682289 1.992771745 -6.728266239 0.174723446 -0.005889029 0.002693405 0.984596252
1.822087288 1.990950465 -6.811084270 0.175370991 -0.005300479 0.003074959 0.984483421
1.795711279 1.990174294 -6.899303436 0.175841019 -0.004218647 0.003817149 0.984402120
1.769421816 1.982755542 -7.000545979 0.175218299 -0.003036270 0.004244338 0.984515846
1.742898822 1.982157469 -7.104698181 0.175521404 -0.001766722 0.005870885 0.984456599
1.712193251 1.978856921 -7.218804836 0.175636128 -0.000091356 0.008108800 0.984421790
1.684464693 1.973863363 -7.339829445 0.175080672 0.001223201 0.010508597 0.984497309
1.656217575 1.969096899 -7.464818954 0.174748108 0.002525994 0.013207733 0.984521329
1.621609569 1.969616294 -7.599359512 0.174483180 0.004560857 0.016373949 0.984513462
1.586090684 1.963402867 -7.737457275 0.173752621 0.006198678 0.019959822 0.984567583
1.549187422 1.953057289 -7.890089512 0.172200665 0.007933852 0.023624042 0.984746635
1.510671854 1.939522266 -8.043935776 0.170242280 0.008856244 0.027583923 0.984976351
1.465022206 1.931281328 -8.207945824 0.168849707 0.010534443 0.031769156 0.985073388
1.423373222 1.922162652 -8.379359245 0.166778475 0.011336314 0.036328092 0.985259771
1.375733614 1.916422486 -8.554754257 0.165162459 0.011969756 0.041312926 0.985328078
1.331751227 1.901847482 -8.732861519 0.161996990 0.011914385 0.046098787 0.985641897
1.279601097 1.893684387 -8.905600548 0.158831805 0.011891359 0.050966583 0.985917628
1.235173821 1.891876817 -9.071224213 0.155790746 0.010907631 0.056191675 0.986130238
1.188518167 1.887653947 -9.238488197 0.151961043 0.009522746 0.061581492 0.986420274
1.158129811 1.886647344 -9.410512924 0.147520512 0.007229297 0.066818453 0.986772895
1.172815084 1.895132780 -9.579273224 0.142794982 0.004258425 0.072086900 0.987114489
1.315609217 1.914298534 -9.615991592 0.137441784 0.001078985 0.077414475 0.987479389
1.464276195 1.931373358 -9.550184250 0.132032901 -0.003233745 0.082969949 0.987761557
1.600386977 1.943371534 -9.465433121 0.125838876 -0.008438898 0.088114277 0.988093793
1.740884900 1.951513529 -9.375455856 0.119021676 -0.015217772 0.093407564 0.988371074
1.862869859 1.959522247 -9.281779289 0.111588478 -0.022102695 0.098230809 0.988640666
1.993232250 1.965043426 -9.186641693 0.103872329 -0.030461179 0.103306703 0.988741875
2.108931065 1.973155499 -9.088869095 0.095774896 -0.039054722 0.108179539 0.988736153
2.226449490 1.983317852 -8.991137505 0.087774292 -0.048371918 0.113096699 0.988516569
2.336881161 1.984523892 -8.892756462 0.078810818 -0.057545144 0.117468968 0.988270521
2.447381496 1.998812437 -8.789204597 0.070762061 -0.067633219 0.122451961 0.987635553
2.570970774 1.999809742 -8.687165260 0.061505880 -0.078720108 0.126580194 0.986913204
2.688481808 2.003108025 -8.576329231 0.052431643 -0.089783505 0.130407244 0.985993862
2.794730425 2.015331268 -8.475324631 0.044088490 -0.100334086 0.134503841 0.984834075
2.900091410 2.013664007 -8.364869118 0.034591574 -0.110865988 0.137943968 0.983607531
3.016629696 2.008375883 -8.248556137 0.025289061 -0.122177847 0.141081646 0.982104361
3.126429796 2.017406940 -8.136181831 0.017165923 -0.133048460 0.144646361 0.980347395
3.226556540 2.025373459 -8.012143135 0.009273089 -0.143763572 0.148177356 0.978411794
3.332279444 2.031620979 -7.891136646 0.001892149 -0.154032081 0.151156530 0.976433456
3.434249878 2.026742220 -7.774334908 -0.006459868 -0.163660914 0.153818861 0.974429667
3.540259123 2.030239344 -7.648294449 -0.013499828 -0.173494428 0.156120703 0.972287893
3.632321358 2.037171602 -7.522781849 -0.019482154 -0.181886539 0.158514634 0.970263302
3.727315426 2.032063246 -7.388713837 -0.025794273 -0.190759897 0.160674512 0.968054235
3.821154356 2.029697418 -7.256051064 -0.031226642 -0.198337138 0.162411436 0.966079652
3.914256573 2.029003143 -7.117599964 -0.035795160 -0.205401763 0.163949087 0.964183390
4.004616261 2.025516272 -6.982458591 -0.040056430 -0.211404204 0.165205285 0.962502480
4.094589233 2.021230221 -6.842125416 -0.043466307 -0.217140496 0.166339442 0.960880816
4.177235126 2.020990372 -6.700558662 -0.046081483 -0.221964911 0.167195231 0.959507108
4.265392780 2.011404276 -6.564986229 -0.048267655 -0.226402909 0.166258916 0.958524942
4.344304562 2.006547689 -6.425234795 -0.049835041 -0.230173588 0.166005209 0.957590163
4.427365303 1.998210311 -6.292836666 -0.051022474 -0.233699858 0.165397316 0.956778347
4.510520935 1.984424591 -6.157524586 -0.052874785 -0.237058505 0.164740786 0.955964446
4.578145981 1.978866816 -6.022242069 -0.053182095 -0.239452288 0.165046468 0.955297828
4.652215958 1.969910145 -5.893734455 -0.053375728 -0.241281480 0.164931118 0.954846621
4.717035294 1.961479902 -5.761658669 -0.053510379 -0.243102789 0.165030986 0.954359710
4.783474922 1.953517675 -5.633266449 -0.053010121 -0.244636938 0.165413573 0.953929245
4.856834412 1.944529414 -5.505855083 -0.052927621 -0.246678412 0.165435910 0.953404129
4.924962521 1.930317998 -5.388974667 -0.052708801 -0.247630507 0.165295705 0.953193724
4.992812157 1.923146009 -5.256866932 -0.052173067 -0.248991534 0.164698184 0.952972054
5.053630829 1.910366297 -5.140429497 -0.052023832 -0.249795750 0.164790556 0.952753782
5.117497921 1.903558731 -5.015040398 -0.051114298 -0.251416236 0.165143073 0.952315629
5.170478821 1.891955018 -4.902937889 -0.050465278 -0.251857311 0.165184662 0.952226460
5.240329266 1.886911631 -4.791471004 -0.049765225 -0.253592968 0.165471360 0.951752722
5.298651695 1.874322534 -4.681743622 -0.049445584 -0.254712373 0.164869070 0.951575041
5.356931686 1.865162134 -4.569678307 -0.048931617 -0.256497175 0.164498195 0.951186299
5.406208038 1.856403708 -4.459601402 -0.048249476 -0.257799178 0.164342895 0.950895965
5.473837376 1.850807190 -4.341972828 -0.047587857 -0.260841459 0.163662195 0.950216770
5.514024734 1.841871023 -4.241099358 -0.046811443 -0.261858195 0.163138375 0.950065732
5.581053257 1.830229759 -4.134056091 -0.046886235 -0.265105844 0.162251160 0.949313045
5.632859707 1.818876743 -4.031031132 -0.046589982 -0.267510146 0.161199033 0.948832273
5.702239037 1.801367283 -3.932101727 -0.047402337 -0.270514041 0.160905004 0.947989881
5.742350578 1.780550957 -3.860959530 -0.048135035 -0.271849602 0.159497678 0.947808743
5.792133331 1.784337044 -3.742173195 -0.046591867 -0.275063634 0.160204187 0.946838915
5.795234680 1.793228388 -3.658154488 -0.044843838 -0.276680410 0.161276072 0.946270108
5.870150089 1.765241623 -3.552234650 -0.045760449 -0.280609876 0.160797924 0.945149779
5.906461239 1.752110481 -3.471192360 -0.045586709 -0.282806426 0.160782725 0.944505870
5.961595535 1.744096637 -3.376574278 -0.045261882 -0.286782622 0.160816222 0.943316102
6.006829739 1.730601072 -3.295945406 -0.045088015 -0.289568067 0.161170542 0.942412555
6.038844109 1.724652052 -3.212278366 -0.043956533 -0.292566866 0.162215903 0.941359937
6.107433319 1.723385572 -3.124908686 -0.042759802 -0.297240853 0.163153201 0.939787507
6.098466396 1.718652010 -3.080226898 -0.040204376 -0.295359790 0.162071019 0.940680265
6.161346912 1.710459471 -2.974436998 -0.039849509 -0.302220553 0.165132597 0.937979758
6.222018242 1.694966674 -2.895974636 -0.039446510 -0.307398617 0.167112559 0.935961306
6.228234768 1.688566923 -2.844580650 -0.037290357 -0.307822794 0.169284284 0.935519874
6.246129990 1.677723408 -2.810612440 -0.035567883 -0.309850752 0.170583516 0.934681118
6.360970020 1.665987015 -2.656122446 -0.033229854 -0.320123255 0.170468882 0.931320131
6.394585133 1.654608369 -2.592591286 -0.030720407 -0.323043108 0.170591414 0.930375218
6.428194523 1.649806976 -2.523817778 -0.027463742 -0.326622099 0.171921268 0.928981602
6.464540958 1.643013954 -2.458849430 -0.024537073 -0.330150366 0.173149988 0.927587092
6.496061802 1.635424137 -2.397441387 -0.021434376 -0.333003849 0.173899576 0.926503062
6.495553970 1.639374971 -2.346350193 -0.017347962 -0.334882528 0.176236346 0.925469398
6.549634457 1.641617537 -2.276377201 -0.014004377 -0.338775843 0.178091154 0.923752367
6.564553738 1.630174637 -2.233467579 -0.011512798 -0.339634717 0.178452030 0.923401713
6.603913307 1.628412962 -2.170032024 -0.008547057 -0.342994064 0.179846451 0.921920478
6.632081032 1.615029573 -2.122589111 -0.007183404 -0.344565719 0.180557758 0.921206713
6.667406082 1.616497874 -2.063941240 -0.004546229 -0.346932918 0.181477517 0.920153737
6.692833424 1.612168789 -2.013599634 -0.003068438 -0.347826332 0.182283178 0.919663191
6.724430084 1.603485823 -1.967567086 -0.002287190 -0.349008262 0.182227477 0.919228554
6.735941887 1.608373642 -1.916344523 -0.000665683 -0.348691821 0.183512911 0.919095576
6.751563072 1.601227760 -1.875193596 -0.000749413 -0.347888768 0.183408260 0.919420660
6.776560307 1.597204685 -1.831235051 -0.001104594 -0.347170770 0.183085620 0.919755936
6.804780960 1.591362238 -1.789008260 -0.002550062 -0.346301973 0.182280153 0.920240462
6.824313164 1.589338303 -1.747358680 -0.004204419 -0.344445676 0.181602076 0.921064734
6.841464996 1.587198019 -1.705612183 -0.006777656 -0.341792613 0.180510983 0.922251463
6.862777233 1.581998110 -1.671350956 -0.008709171 -0.338680595 0.174225137 0.924589276
6.878384113 1.581982493 -1.634214997 -0.010532188 -0.334651679 0.166516706 0.927453279
6.891799927 1.580085278 -1.600815177 -0.013211743 -0.329933077 0.158264652 0.930549324
6.908002853 1.585164547 -1.562098384 -0.015764499 -0.325288951 0.149918616 0.933521867
6.902294159 1.585458755 -1.546986341 -0.018420300 -0.317784727 0.139836922 0.937613606
6.931440353 1.583244324 -1.501633406 -0.022633113 -0.313631862 0.129698828 0.940372825
6.946946621 1.582331538 -1.472108841 -0.026603613 -0.307378560 0.118804567 0.943767071
6.961205959 1.579847813 -1.448509693 -0.030934451 -0.300907403 0.107800707 0.947035909
6.971049309 1.582824826 -1.416306973 -0.034955945 -0.294519156 0.097123966 0.950054467
6.986330032 1.577235699 -1.394243002 -0.040287673 -0.287586838 0.085781612 0.953054190
6.987604141 1.584427357 -1.366880298 -0.043964725 -0.280363709 0.074859485 0.955959976
7.001127243 1.582432032 -1.346289158 -0.048921481 -0.273452133 0.064268470 0.958488524
7.010992050 1.584959865 -1.322117329 -0.053634558 -0.266902715 0.054316718 0.960695624
7.012403965 1.583853245 -1.309034824 -0.058446251 -0.259424716 0.044338297 0.962973058
7.026674271 1.579813957 -1.294625759 -0.063753657 -0.253565371 0.035410948 0.964565277
7.033647537 1.579912186 -1.280263305 -0.068307362 -0.247249067 0.027064502 0.966162324
7.036376953 1.584979892 -1.262867212 -0.072062224 -0.241145805 0.019340368 0.967616558
7.044472218 1.585536003 -1.244740725 -0.076347306 -0.235932648 0.013132539 0.968676627
7.045894623 1.586440325 -1.233943582 -0.080185272 -0.230451107 0.007770685 0.969743431
7.053965569 1.586259723 -1.223083019 -0.083893456 -0.226587355 0.003870379 0.970363438
7.057228088 1.587515712 -1.214697361 -0.087187588 -0.222893521 0.001195034 0.970935345
7.058774948 1.588625669 -1.207980871 -0.090090312 -0.219868153 0.000062134 0.971360803
7.058264732 1.588273168 -1.203344107 -0.093072027 -0.217286408 0.000161291 0.971660614
7.063561440 1.586190104 -1.199720383 -0.095645487 -0.215677932 0.000867602 0.971768618
7.065865040 1.584910154 -1.197960138 -0.098127373 -0.214953423 0.003344353 0.971676350
7.063875198 1.585654259 -1.195088863 -0.100131497 -0.214088783 0.006283462 0.971648216
7.064120770 1.584970713 -1.194565058 -0.102054924 -0.214220464 0.010209491 0.971385717
7.064518452 1.582462907 -1.194945097 -0.104182504 -0.214467391 0.015004398 0.971043110
7.065224648 1.579373002 -1.200663567 -0.105856553 -0.215255558 0.020149963 0.970594347
7.067762852 1.581229210 -1.188419104 -0.107134081 -0.216993511 0.025796371 0.969933391
7.073386192 1.578933358 -1.177976370 -0.108632565 -0.218831882 0.032205306 0.969161749
7.084616661 1.573258162 -1.164967656 -0.110428557 -0.221227437 0.038858261 0.968170524
7.093009472 1.573224545 -1.140824437 -0.111330032 -0.223762751 0.045471653 0.967196107
7.107649803 1.567305446 -1.116867065 -0.112895325 -0.226677999 0.052294537 0.965990245
7.124621391 1.566565990 -1.084501743 -0.113877766 -0.230176836 0.059486058 0.964630485
7.142548084 1.564076900 -1.044719696 -0.114904821 -0.233969733 0.066394120 0.963144302
7.160688877 1.558189869 -1.011384606 -0.116187513 -0.237075448 0.072892986 0.961759984
7.188638210 1.554533362 -0.956720233 -0.117563687 -0.241980344 0.079646014 0.959833801
7.217858791 1.548773885 -0.905254483 -0.119036727 -0.246655568 0.085731082 0.957936108
7.247637749 1.547394633 -0.841585636 -0.120652117 -0.251622200 0.091567747 0.955899954
7.275649071 1.544545412 -0.783429503 -0.121978983 -0.256086648 0.096262388 0.954083025
7.311728001 1.542425275 -0.712015986 -0.123734958 -0.261307061 0.101176970 0.951930404
7.351961613 1.542004585 -0.636234641 -0.125087708 -0.267047942 0.105075635 0.949735582
7.390447617 1.543264627 -0.554964066 -0.126983643 -0.272421181 0.109028541 0.947509766
7.429569721 1.546754360 -0.471940756 -0.128546655 -0.277519166 0.112250909 0.945440948
7.475596905 1.553165674 -0.380483627 -0.130547211 -0.283509672 0.115025170 0.943053007
7.519039154 1.566172123 -0.290095210 -0.133195937 -0.289124608 0.118003815 0.940606654
7.521578789 1.633939266 -0.256844938 -0.133815914 -0.293570369 0.119265340 0.938981175
7.467783928 1.693914175 -0.332205892 -0.134714693 -0.299917936 0.121200189 0.936595857
7.407284260 1.729812145 -0.433836699 -0.135345653 -0.305180281 0.122084603 0.934688151
7.355527401 1.732769728 -0.566670358 -0.139283717 -0.311440259 0.124249473 0.931754887
7.296223164 1.742678881 -0.690921247 -0.140440270 -0.316753119 0.125051454 0.929680705
7.234733582 1.745697498 -0.823174536 -0.141891450 -0.322135687 0.126066074 0.927471220
7.175470352 1.746198416 -0.960415244 -0.142542481 -0.327144563 0.126501366 0.925556898
7.112748146 1.742243052 -1.102410436 -0.143435732 -0.332182735 0.126959816 0.923559427
7.047359467 1.734849691 -1.251897573 -0.143887877 -0.336968482 0.126971737 0.921752036
7.000908852 1.730760574 -1.376851201 -0.143993303 -0.343277127 0.126853108 0.919421017
6.934635162 1.721113205 -1.535436630 -0.144026518 -0.347773850 0.126998335 0.917704284
6.863650799 1.706347346 -1.704991698 -0.144654557 -0.351331562 0.127879500 0.916126668
6.787678719 1.680397511 -1.908651590 -0.144603029 -0.354065865 0.127250627 0.915169179
6.669682980 1.675589919 -2.108802795 -0.143278167 -0.355716527 0.128877863 0.914509535
6.614636421 1.669610262 -2.238333702 -0.141210422 -0.361121804 0.127860188 0.912854016
6.522049904 1.651560545 -2.417244673 -0.139746770 -0.364326835 0.128162712 0.911762714
6.410001755 1.629039288 -2.596203804 -0.137911841 -0.366936982 0.127939463 0.911026418
6.286763668 1.601839781 -2.762701035 -0.135922819 -0.369753331 0.128238305 0.910144210
6.138338089 1.567644835 -2.926418781 -0.133840367 -0.371829987 0.129038215 0.909493446
5.970567703 1.524724722 -3.064651012 -0.131655663 -0.374484867 0.129393131 0.908672273
5.769715309 1.475307703 -3.180118322 -0.128885388 -0.375878900 0.130195066 0.908379316
5.548975468 1.421724200 -3.270812511 -0.126088172 -0.377649546 0.130481958 0.907996178
5.338983536 1.356755972 -3.335587025 -0.124136999 -0.380624264 0.130657092 0.906997263
5.151165485 1.296125889 -3.415369511 -0.121301606 -0.380280614 0.128910154 0.907774627
5.240654945 1.393921375 -3.420301914 -0.117170267 -0.382965863 0.133405015 0.906538129
5.479420185 1.454554558 -3.384958267 -0.115012869 -0.385361671 0.132042602 0.905998468
5.696301937 1.540136576 -3.338870525 -0.110738844 -0.388261229 0.135652617 0.904758811
5.944926739 1.590623140 -3.288514376 -0.107822806 -0.390634179 0.136533424 0.903956771
6.183304787 1.627895117 -3.213633299 -0.104487263 -0.393684506 0.137595862 0.902863443
6.413999081 1.650629640 -3.122279644 -0.101199329 -0.396821588 0.139330268 0.901597738
6.640284538 1.662134290 -3.032781839 -0.097468451 -0.399702489 0.142387778 0.900257528
6.839114666 1.659370422 -2.933631897 -0.093128994 -0.402153701 0.145585462 0.899113059
7.065018654 1.639099717 -2.828524828 -0.089382999 -0.406390309 0.149093673 0.897010982
7.297769547 1.598490953 -2.740011454 -0.085424617 -0.410618931 0.150583088 0.895220399
7.532962322 1.553627729 -2.671927691 -0.081432112 -0.414742887 0.152496710 0.893365562
7.764254570 1.517148972 -2.623902798 -0.076916888 -0.419394046 0.154108703 0.891315281
7.997472763 1.486867309 -2.603674889 -0.073186636 -0.424155951 0.156118542 0.889023304
8.217651367 1.465888500 -2.598380089 -0.069116451 -0.428847075 0.157734498 0.886810541
8.426269531 1.450861454 -2.609844685 -0.065083154 -0.433326274 0.159836501 0.884559155
8.625800133 1.440006375 -2.622417212 -0.061102118 -0.438367367 0.161324695 0.882085621
8.810429573 1.432550192 -2.641314030 -0.057119556 -0.443239689 0.163591072 0.879496396
8.991813660 1.430327415 -2.640164852 -0.053159762 -0.449434370 0.165592521 0.876220226
9.163558960 1.421740651 -2.670009375 -0.049790181 -0.453873783 0.167401865 0.873782694
9.322085381 1.418176055 -2.700447321 -0.046304718 -0.458406121 0.169506148 0.871198893
9.468028069 1.420030355 -2.725502968 -0.042524796 -0.463283956 0.171695411 0.868377984
9.592964172 1.425892472 -2.743432522 -0.038167078 -0.468400955 0.173971653 0.865377247
9.723662376 1.421175003 -2.779930115 -0.035344593 -0.472056180 0.175599962 0.863179266
9.856892586 1.416025877 -2.821801662 -0.032392908 -0.475293487 0.177208766 0.861187518
9.994109154 1.417024374 -2.851951122 -0.029521029 -0.479154617 0.179062799 0.858764172
10.144213676 1.411866546 -2.898208141 -0.027111841 -0.482363701 0.180603847 0.856721938
10.293576241 1.408794641 -2.947261333 -0.024953511 -0.484745950 0.181690380 0.855211854
10.447616577 1.404368281 -2.993315697 -0.022960834 -0.487093329 0.183000579 0.853653193
10.610720634 1.402302265 -3.048646927 -0.020742374 -0.488594651 0.184041560 0.852627575
10.779934883 1.397383928 -3.105361938 -0.017473496 -0.489860952 0.181408107 0.852538645
10.947845459 1.394930005 -3.161511898 -0.013850034 -0.490639687 0.178404450 0.852791190
11.122078896 1.393703699 -3.221175671 -0.010280764 -0.490938008 0.174711809 0.853434205
11.301342010 1.396323204 -3.282299042 -0.005607388 -0.491085231 0.169843376 0.854375303
11.495667458 1.383882761 -3.353918076 -0.003516218 -0.490023375 0.165137663 0.855917215
11.686092377 1.380106688 -3.418932438 -0.000753304 -0.489133477 0.160499319 0.857314348
11.881505966 1.379141569 -3.487078190 0.003282939 -0.488333106 0.154514581 0.858862817
12.082536697 1.372963428 -3.554254532 0.005758600 -0.487069458 0.149181858 0.860508621
12.293148041 1.370814085 -3.628694057 0.008604812 -0.485257119 0.143920153 0.862402737
12.502771378 1.368441820 -3.696294308 0.011383642 -0.483426660 0.138305262 0.864315212
12.731622696 1.357198000 -3.770374775 0.013120631 -0.481882304 0.132040739 0.866130769
12.953831673 1.354192734 -3.846778870 0.015437766 -0.479535729 0.126439109 0.868228316
13.186607361 1.350476265 -3.919563293 0.017530853 -0.477722019 0.121375032 0.869909465
13.427251816 1.342432499 -3.993366718 0.018520070 -0.475915819 0.116576679 0.871533751
13.655208588 1.338834047 -4.071803570 0.019830853 -0.473255038 0.111568354 0.873606920
13.882553101 1.338129520 -4.128834724 0.020958511 -0.472456604 0.107628770 0.874506533
14.102592468 1.349235177 -4.194165707 0.022876924 -0.470529348 0.104229368 0.875908136
14.319900513 1.336813211 -4.265868664 0.022835828 -0.468156219 0.099482179 0.877730966
14.531071663 1.336199999 -4.320060730 0.022642989 -0.466979533 0.096931227 0.878647685
14.737510681 1.335348248 -4.373333931 0.022163732 -0.465819657 0.094781712 0.879509747
14.936072350 1.331860781 -4.425185680 0.020810211 -0.464460552 0.093659207 0.880381346
15.133516312 1.335238695 -4.460387707 0.019774815 -0.464629561 0.093394898 0.880344093
15.326395035 1.337159634 -4.502302647 0.017929327 -0.463985026 0.093458973 0.880716681
15.513053894 1.342677593 -4.521647930 0.016190829 -0.464613855 0.094111145 0.880349398
15.689847946 1.346361995 -4.540687561 0.013661149 -0.464242429 0.095575549 0.880430460
15.859873772 1.362760782 -4.531638145 0.011829822 -0.464966059 0.097601756 0.879852593
16.009111404 1.385791779 -4.470127106 0.008810330 -0.464872301 0.100141123 0.879652202
