#Image Rect[ms], Image Resize[ms], ORB ext[ms], Stereo match[ms], IMU preint[ms], Pose pred[ms], LM track[ms], KF dec[ms], Total[ms]
0.000000,0.000000,565.082963,0.000000,0.000000,1469.632352,1399.185765,0.350215,567.512007
0.000000,0.000000,501.560280,0.000000,0.000000,1490.777556,43.850227,0.083811,2079.157083
0.000000,0.000000,467.992152,0.000000,0.000000,102.167824,36.417535,0.077343,591.436113
0.000000,0.000000,465.197112,0.000000,0.000000,84.041355,56.990796,0.406563,567.385690
0.000000,0.000000,508.359373,0.000000,0.000000,79.724277,46.770537,0.236100,630.330366
0.000000,0.000000,500.306937,0.000000,0.000000,75.829034,41.613211,0.097509,3370.962114
0.000000,0.000000,475.449521,0.000000,0.000000,79.260576,43.676132,0.083161,2011.541921
0.000000,0.000000,465.278295,0.000000,0.000000,80.296711,41.036457,0.086619,605.982240
0.000000,0.000000,462.404549,0.000000,0.000000,78.134253,42.762609,0.068746,605.557678
0.000000,0.000000,466.282114,0.000000,0.000000,80.053227,44.459996,0.078507,594.942333
0.000000,0.000000,482.952892,0.000000,0.000000,81.223693,44.944257,0.083370,602.259414
0.000000,0.000000,459.848695,0.000000,0.000000,81.469954,46.835986,0.068607,584.452699
0.000000,0.000000,471.706644,0.000000,0.000000,79.886021,44.458099,0.076358,595.442799
0.000000,0.000000,460.393816,0.000000,0.000000,75.576585,49.800664,0.078685,583.720394
0.000000,0.000000,469.390058,0.000000,0.000000,73.516011,44.493643,0.090825,595.794043
0.000000,0.000000,470.809695,0.000000,0.000000,71.267806,51.916225,0.311310,598.811968
0.000000,0.000000,465.364879,0.000000,0.000000,73.999149,150.069876,0.179323,595.329034
0.000000,0.000000,462.672091,0.000000,0.000000,76.186565,92.045637,0.100857,588.595975
0.000000,0.000000,466.035950,0.000000,0.000000,76.597072,97.173192,0.099634,593.323445
0.000000,0.000000,459.330436,0.000000,0.000000,80.192274,100.074885,0.115508,579.120420
0.000000,0.000000,473.470431,0.000000,0.000000,81.006093,100.111703,0.093238,598.533258
0.000000,0.000000,469.482716,0.000000,0.000000,81.387168,93.702635,0.101276,695.509679
0.000000,0.000000,466.898114,0.000000,0.000000,81.575718,97.388376,0.163258,637.066863
0.000000,0.000000,468.326594,0.000000,0.000000,81.134548,90.612633,0.074623,644.011101
0.000000,0.000000,469.115745,0.000000,0.000000,80.340898,94.340728,0.076277,651.381495
0.000000,0.000000,468.018127,0.000000,0.000000,78.128036,89.838485,0.100732,651.046292
0.000000,0.000000,468.482027,0.000000,0.000000,73.111711,90.098410,0.097287,645.609401
0.000000,0.000000,468.672347,0.000000,0.000000,71.866325,88.416672,0.107640,649.660042
0.000000,0.000000,484.503741,0.000000,0.000000,72.624930,99.162907,0.092988,658.201122
0.000000,0.000000,474.584418,0.000000,0.000000,76.234805,99.185999,0.112130,651.102685
0.000000,0.000000,473.722376,0.000000,0.000000,79.190697,97.884911,0.098482,643.547304
0.000000,0.000000,474.595140,0.000000,0.000000,82.674491,94.123587,0.096580,639.627733
0.000000,0.000000,475.710218,0.000000,0.000000,83.608573,96.532703,0.073661,637.845306
0.000000,0.000000,473.858212,0.000000,0.000000,81.706331,94.425800,0.096613,647.507324
0.000000,0.000000,463.102380,0.000000,0.000000,79.072570,93.550746,0.116950,640.522511
0.000000,0.000000,464.178132,0.000000,0.000000,78.324151,91.761422,0.095166,643.201494
0.000000,0.000000,468.788435,0.000000,0.000000,76.710200,91.583633,0.097554,647.536393
0.000000,0.000000,468.211737,0.000000,0.000000,74.792457,91.094809,0.100408,650.086103
0.000000,0.000000,475.495834,0.000000,0.000000,74.362720,90.778707,0.098971,653.527379
0.000000,0.000000,468.673901,0.000000,0.000000,75.120882,91.047928,0.078905,643.223056
0.000000,0.000000,469.402969,0.000000,0.000000,76.851033,93.475064,0.091137,641.388356
0.000000,0.000000,468.737322,0.000000,0.000000,77.998985,90.101602,0.097472,639.053145
0.000000,0.000000,469.733442,0.000000,0.000000,78.664084,91.629712,0.101359,637.611775
0.000000,0.000000,468.265919,0.000000,0.000000,79.020107,94.184724,0.101195,635.272680
0.000000,0.000000,468.833046,0.000000,0.000000,79.170588,95.833374,0.097225,636.824370
0.000000,0.000000,467.653457,0.000000,0.000000,77.023871,95.252608,0.095703,639.907655
0.000000,0.000000,467.547097,0.000000,0.000000,77.206328,97.612655,0.101272,637.635537
0.000000,0.000000,468.962057,0.000000,0.000000,77.813130,97.748256,0.110356,641.222851
0.000000,0.000000,467.691702,0.000000,0.000000,79.786032,95.887061,0.095775,642.893645
0.000000,0.000000,467.609831,0.000000,0.000000,78.495232,93.608303,0.078008,644.621479
0.000000,0.000000,467.241514,0.000000,0.000000,79.814111,100.560619,0.097818,641.463804
0.000000,0.000000,470.381025,0.000000,0.000000,85.285692,107.620447,0.081333,647.263305
0.000000,0.000000,467.380955,0.000000,0.000000,92.249391,113.129615,0.063541,645.101811
0.000000,0.000000,467.352807,0.000000,0.000000,90.842195,108.759585,0.101035,645.055445
0.000000,0.000000,467.127902,0.000000,0.000000,83.736546,110.497299,0.090723,641.084225
0.000000,0.000000,466.812792,0.000000,0.000000,85.517892,107.769063,0.099524,649.230290
0.000000,0.000000,480.054129,0.000000,0.000000,84.080293,95.580940,0.085373,675.018876
0.000000,0.000000,476.105367,0.000000,0.000000,83.237710,82.598846,0.097238,683.516959
0.000000,0.000000,471.123218,0.000000,0.000000,85.508846,77.024645,0.086616,672.681866
0.000000,0.000000,471.451037,0.000000,0.000000,87.507122,68.286872,0.103532,667.728948
0.000000,0.000000,464.676500,0.000000,0.000000,89.261036,63.857836,0.099762,660.071672
0.000000,0.000000,462.689377,0.000000,0.000000,86.273588,59.806699,0.078627,644.384808
0.000000,0.000000,463.105172,0.000000,0.000000,87.453565,54.526125,0.071663,630.969795
0.000000,0.000000,462.623287,0.000000,0.000000,91.697250,53.193463,0.086054,627.168583
0.000000,0.000000,463.355200,0.000000,0.000000,89.049712,47.834370,0.080569,621.162733
0.000000,0.000000,463.544289,0.000000,0.000000,88.761827,50.467457,0.100873,618.554160
0.000000,0.000000,466.690558,0.000000,0.000000,89.870166,50.629788,0.195556,614.461117
0.000000,0.000000,461.215975,0.000000,0.000000,89.296391,47.186268,0.078518,604.886026
0.000000,0.000000,466.097170,0.000000,0.000000,81.257860,45.106488,0.068673,612.846160
0.000000,0.000000,466.323558,0.000000,0.000000,74.120133,42.985492,0.316877,604.892777
0.000000,0.000000,467.770497,0.000000,0.000000,69.202615,159.791120,0.125771,608.830774
0.000000,0.000000,460.329235,0.000000,0.000000,71.600163,136.281072,0.133000,602.767214
0.000000,0.000000,463.023174,0.000000,0.000000,71.900148,126.284368,0.125263,601.448163
0.000000,0.000000,464.550470,0.000000,0.000000,68.790848,112.580749,0.111415,592.315732
0.000000,0.000000,466.912381,0.000000,0.000000,65.181022,103.865727,0.130847,587.698456
0.000000,0.000000,498.639687,0.000000,0.000000,63.054832,99.436839,0.113002,729.698839
0.000000,0.000000,479.537362,0.000000,0.000000,72.235724,111.047912,0.101168,689.603700
0.000000,0.000000,508.065082,0.000000,0.000000,84.912172,110.012626,0.133902,708.437194
0.000000,0.000000,505.503259,0.000000,0.000000,86.166700,110.556481,0.130530,688.885126
0.000000,0.000000,507.197198,0.000000,0.000000,83.945766,108.448754,0.134687,678.265214
0.000000,0.000000,506.066010,0.000000,0.000000,79.113833,108.429860,0.106970,670.469614
0.000000,0.000000,507.137619,0.000000,0.000000,79.115092,115.200924,0.131074,692.485794
0.000000,0.000000,510.044343,0.000000,0.000000,78.828139,116.929199,0.134630,707.060703
0.000000,0.000000,508.415540,0.000000,0.000000,80.111098,123.528083,0.139517,707.206488
0.000000,0.000000,499.356581,0.000000,0.000000,80.354692,132.056802,0.127775,693.843686
0.000000,0.000000,506.703649,0.000000,0.000000,78.116775,149.268540,0.130456,696.274245
0.000000,0.000000,511.054347,0.000000,0.000000,83.414319,158.740544,0.111675,707.454951
0.000000,0.000000,507.099851,0.000000,0.000000,82.670270,145.785235,0.125595,704.926798
0.000000,0.000000,505.667932,0.000000,0.000000,80.349563,153.617400,0.105241,711.448875
0.000000,0.000000,509.850103,0.000000,0.000000,86.272616,197.475034,0.128047,724.449715
0.000000,0.000000,506.758588,0.000000,0.000000,94.546241,173.326524,0.128300,736.361360
0.000000,0.000000,505.491802,0.000000,0.000000,94.537724,167.011750,0.130566,749.913530
0.000000,0.000000,506.786235,0.000000,0.000000,90.316018,170.648375,0.128060,737.472491
0.000000,0.000000,509.219639,0.000000,0.000000,89.502736,165.007078,0.134899,745.308839
0.000000,0.000000,506.147514,0.000000,0.000000,87.653523,176.291296,0.125642,792.228464
0.000000,0.000000,490.618014,0.000000,0.000000,86.635388,167.959108,0.131361,760.827013
0.000000,0.000000,468.648506,0.000000,0.000000,83.651796,163.512904,0.134235,732.551185
0.000000,0.000000,467.579287,0.000000,0.000000,82.600679,161.610970,0.126201,730.832883
0.000000,0.000000,467.169119,0.000000,0.000000,81.641961,154.511365,0.089927,724.035809
0.000000,0.000000,468.048882,0.000000,0.000000,83.484687,155.570681,0.106639,734.417043
0.000000,0.000000,468.204118,0.000000,0.000000,85.273838,144.809207,0.082100,725.197704
0.000000,0.000000,468.503407,0.000000,0.000000,82.132478,126.641230,0.111831,718.070795
0.000000,0.000000,490.175740,0.000000,0.000000,80.941327,119.859702,0.148278,736.701767
0.000000,0.000000,464.075761,0.000000,0.000000,79.447528,102.454981,0.118272,702.392331
0.000000,0.000000,473.120955,0.000000,0.000000,75.724780,92.747106,0.074894,714.423682
0.000000,0.000000,462.112180,0.000000,0.000000,75.410654,80.447256,0.112830,694.352109
0.000000,0.000000,469.244891,0.000000,0.000000,73.987649,76.769502,0.109134,680.304408
0.000000,0.000000,467.637890,0.000000,0.000000,75.124062,67.867212,0.077981,670.881455
0.000000,0.000000,467.464745,0.000000,0.000000,73.608880,61.766700,0.115197,651.494715
0.000000,0.000000,468.683192,0.000000,0.000000,70.863203,58.855320,0.112017,639.288987
0.000000,0.000000,480.200778,0.000000,0.000000,67.985205,53.003685,0.092373,638.058636
0.000000,0.000000,483.195418,0.000000,0.000000,65.322037,48.326319,0.113129,635.829495
0.000000,0.000000,477.960290,0.000000,0.000000,67.007842,60.107068,0.131163,622.690144
0.000000,0.000000,477.575425,0.000000,0.000000,68.377091,48.081598,0.129599,614.712853
0.000000,0.000000,478.068986,0.000000,0.000000,69.524538,44.650578,0.079749,609.779533
0.000000,0.000000,477.728813,0.000000,0.000000,69.694038,50.228360,0.071431,600.386181
0.000000,0.000000,478.917139,0.000000,0.000000,70.647733,41.569193,0.115121,594.287556
0.000000,0.000000,461.950837,0.000000,0.000000,74.802267,42.908672,0.075021,590.850519
0.000000,0.000000,462.957767,0.000000,0.000000,74.623601,46.063687,0.084559,581.165703
0.000000,0.000000,496.352536,0.000000,0.000000,70.462154,42.442977,0.127236,612.037682
0.000000,0.000000,460.332845,0.000000,0.000000,69.011500,41.267929,0.079732,581.764410
0.000000,0.000000,471.292124,0.000000,0.000000,65.871121,41.151437,0.111376,586.030362
0.000000,0.000000,458.832555,0.000000,0.000000,66.208868,42.615804,0.077030,577.892543
0.000000,0.000000,463.403044,0.000000,0.000000,75.900029,43.095219,0.078312,585.635321
0.000000,0.000000,463.920375,0.000000,0.000000,74.816164,42.169846,0.080063,578.712237
0.000000,0.000000,464.277034,0.000000,0.000000,71.924418,42.943991,0.098707,575.911187
0.000000,0.000000,474.662500,0.000000,0.000000,73.159217,47.621939,0.090239,583.237646
0.000000,0.000000,458.233063,0.000000,0.000000,76.149560,45.742426,0.084379,568.443562
0.000000,0.000000,465.966804,0.000000,0.000000,77.489072,46.910535,0.084486,586.925082
0.000000,0.000000,461.935621,0.000000,0.000000,80.053182,49.615949,0.109850,580.329793
0.000000,0.000000,461.703162,0.000000,0.000000,78.854155,50.539784,0.105871,578.068463
0.000000,0.000000,466.789552,0.000000,0.000000,76.170376,55.010655,0.084635,589.531103
0.000000,0.000000,465.247985,0.000000,0.000000,75.247520,58.355275,0.083470,588.638288
0.000000,0.000000,474.326910,0.000000,0.000000,76.874087,63.171455,0.114656,600.200275
0.000000,0.000000,459.350858,0.000000,0.000000,77.717840,65.583075,0.117381,590.721535
0.000000,0.000000,463.076380,0.000000,0.000000,75.959039,67.765043,0.115942,594.554172
0.000000,0.000000,463.277429,0.000000,0.000000,72.619815,76.055164,0.132224,596.071043
0.000000,0.000000,477.148092,0.000000,0.000000,77.291058,93.859398,0.115085,612.319083
0.000000,0.000000,468.143829,0.000000,0.000000,79.485628,102.253042,0.106007,610.043209
0.000000,0.000000,476.639256,0.000000,0.000000,78.707044,117.087711,0.111193,621.872275
0.000000,0.000000,466.754174,0.000000,0.000000,80.288465,147.510101,0.095535,612.286856
0.000000,0.000000,462.534821,0.000000,0.000000,82.515504,149.364350,0.112327,613.234806
0.000000,0.000000,501.598336,0.000000,0.000000,78.383512,155.312681,0.124335,677.291430
0.000000,0.000000,474.049389,0.000000,0.000000,76.189441,157.591721,0.095983,657.756642
0.000000,0.000000,473.676808,0.000000,0.000000,83.381994,165.662668,0.115858,671.588236
0.000000,0.000000,474.359872,0.000000,0.000000,86.989236,163.866021,0.100980,704.637016
0.000000,0.000000,474.966691,0.000000,0.000000,86.005681,161.785684,0.091844,709.049544
0.000000,0.000000,474.229546,0.000000,0.000000,94.710723,174.273760,0.128128,710.356813
0.000000,0.000000,473.874525,0.000000,0.000000,92.624989,165.098383,0.128694,709.905895
0.000000,0.000000,474.474471,0.000000,0.000000,82.850062,156.700044,0.151889,725.803912
0.000000,0.000000,493.564666,0.000000,0.000000,84.179017,160.868630,0.116387,746.749419
0.000000,0.000000,484.490231,0.000000,0.000000,89.981023,162.450097,0.180040,734.569138
0.000000,0.000000,473.272311,0.000000,0.000000,90.208284,154.278556,0.126949,744.663573
0.000000,0.000000,478.649786,0.000000,0.000000,90.412582,154.192209,0.130172,738.802681
0.000000,0.000000,467.955424,0.000000,0.000000,94.383227,160.881443,0.124693,710.116841
0.000000,0.000000,472.105060,0.000000,0.000000,99.648616,160.925201,0.126836,719.555253
0.000000,0.000000,468.407764,0.000000,0.000000,95.013601,158.023067,0.090164,723.224137
0.000000,0.000000,468.017651,0.000000,0.000000,95.315768,162.171719,0.130154,715.720508
0.000000,0.000000,467.725291,0.000000,0.000000,94.076345,153.523717,0.123519,714.631309
0.000000,0.000000,469.268672,0.000000,0.000000,89.158354,157.535444,0.141711,726.865348
0.000000,0.000000,468.015065,0.000000,0.000000,95.725337,165.306700,0.127565,730.874444
0.000000,0.000000,469.174825,0.000000,0.000000,103.087858,164.924626,0.125619,724.437294
0.000000,0.000000,467.736534,0.000000,0.000000,101.032960,160.419091,0.114542,727.631934
0.000000,0.000000,468.164031,0.000000,0.000000,100.626957,166.447932,0.132068,718.105683
0.000000,0.000000,469.249570,0.000000,0.000000,101.794148,161.750280,0.123444,718.296518
0.000000,0.000000,483.286226,0.000000,0.000000,100.634682,161.162784,0.129149,746.764427
0.000000,0.000000,464.154085,0.000000,0.000000,102.217615,166.966987,0.114544,734.476946
0.000000,0.000000,467.983669,0.000000,0.000000,105.224316,163.188905,0.081858,731.823304
0.000000,0.000000,468.165569,0.000000,0.000000,102.874357,163.679265,0.126965,737.639915
0.000000,0.000000,472.240233,0.000000,0.000000,103.141235,168.294211,0.127016,738.135536
0.000000,0.000000,463.631023,0.000000,0.000000,103.678487,168.045639,0.090087,727.790134
0.000000,0.000000,463.076703,0.000000,0.000000,101.645989,165.863446,0.118571,734.604808
0.000000,0.000000,463.935496,0.000000,0.000000,97.271947,166.000462,0.130167,735.219975
0.000000,0.000000,463.330035,0.000000,0.000000,98.514703,160.434205,0.118489,732.219483
0.000000,0.000000,463.293751,0.000000,0.000000,92.710692,149.069439,0.126218,737.018988
0.000000,0.000000,501.563894,0.000000,0.000000,76.532586,134.226243,0.529478,776.074931
0.000000,0.000000,465.143750,0.000000,0.000000,74.956707,144.133536,0.127081,734.912594
0.000000,0.000000,486.981918,0.000000,0.000000,88.303593,150.859452,0.148948,752.577359
0.000000,0.000000,463.360559,0.000000,0.000000,83.999168,130.957456,0.137199,724.605430
0.000000,0.000000,463.521828,0.000000,0.000000,71.520270,126.455780,0.122210,707.527927
0.000000,0.000000,462.329420,0.000000,0.000000,70.752056,124.598593,0.132974,675.662739
0.000000,0.000000,462.769089,0.000000,0.000000,71.948162,128.337934,0.316340,684.125395
0.000000,0.000000,466.408366,0.000000,0.000000,73.294218,202.357444,0.125431,708.079313
0.000000,0.000000,465.672631,0.000000,0.000000,71.512827,159.857465,0.149069,682.803420
0.000000,0.000000,464.593240,0.000000,0.000000,74.081706,164.665898,0.096893,664.692889
0.000000,0.000000,464.141852,0.000000,0.000000,72.789269,175.126186,0.125526,661.613963
0.000000,0.000000,459.961473,0.000000,0.000000,73.571449,173.467265,0.096959,662.829687
0.000000,0.000000,506.890040,0.000000,0.000000,73.758745,163.434065,0.135966,785.020186
0.000000,0.000000,464.714405,0.000000,0.000000,73.333268,157.056185,0.127804,698.718901
0.000000,0.000000,464.600654,0.000000,0.000000,69.496626,141.547824,0.106937,705.619865
0.000000,0.000000,464.087018,0.000000,0.000000,61.275128,128.529065,0.112243,714.440279
0.000000,0.000000,480.844999,0.000000,0.000000,60.494184,129.019233,0.140095,730.018287
0.000000,0.000000,459.232558,0.000000,0.000000,63.417305,117.415731,0.117382,698.785054
0.000000,0.000000,462.655027,0.000000,0.000000,59.537714,103.397951,0.133973,695.325404
0.000000,0.000000,462.613384,0.000000,0.000000,58.764624,101.733989,0.149382,675.858196
0.000000,0.000000,461.897272,0.000000,0.000000,59.243498,98.619017,0.133360,653.863554
0.000000,0.000000,462.020032,0.000000,0.000000,59.257353,102.111400,0.139231,653.695314
0.000000,0.000000,486.835314,0.000000,0.000000,55.085484,101.450988,0.134965,670.295251
0.000000,0.000000,468.508802,0.000000,0.000000,52.118365,105.246062,0.121897,633.567751
0.000000,0.000000,464.063996,0.000000,0.000000,56.938810,121.025276,0.131891,626.774489
0.000000,0.000000,463.055983,0.000000,0.000000,64.987027,124.410572,0.117962,622.979046
0.000000,0.000000,463.983135,0.000000,0.000000,67.212816,126.616926,0.105208,627.401619
0.000000,0.000000,463.483587,0.000000,0.000000,64.842434,129.651745,0.101539,622.158338
0.000000,0.000000,463.263656,0.000000,0.000000,64.839254,133.016220,0.120720,622.649081
0.000000,0.000000,463.883326,0.000000,0.000000,67.446777,147.861338,0.131551,644.089225
0.000000,0.000000,464.532520,0.000000,0.000000,71.005994,156.848770,0.136183,656.068390
0.000000,0.000000,463.761811,0.000000,0.000000,63.448631,153.934559,0.131672,659.698403
0.000000,0.000000,463.064390,0.000000,0.000000,63.976820,165.174179,0.109179,659.588597
0.000000,0.000000,463.427176,0.000000,0.000000,64.165427,155.997807,0.129722,663.448297
0.000000,0.000000,463.070855,0.000000,0.000000,59.529750,173.224985,0.135080,680.608849
0.000000,0.000000,463.698302,0.000000,0.000000,65.541681,182.944108,0.133388,693.906200
0.000000,0.000000,465.092433,0.000000,0.000000,72.840960,190.101736,0.132387,684.743046
0.000000,0.000000,462.988212,0.000000,0.000000,81.869190,207.340532,0.114135,695.680225
0.000000,0.000000,462.907419,0.000000,0.000000,87.566843,199.933477,0.181295,685.453488
0.000000,0.000000,462.916482,0.000000,0.000000,92.154986,194.713288,0.127155,698.001400
0.000000,0.000000,462.630738,0.000000,0.000000,85.841676,177.053213,0.130148,713.854974
0.000000,0.000000,463.070648,0.000000,0.000000,81.169101,187.371851,0.135861,728.479460
0.000000,0.000000,462.712746,0.000000,0.000000,88.461453,187.882518,0.132693,754.652494
0.000000,0.000000,463.911061,0.000000,0.000000,87.867200,186.753264,0.141231,754.127516
0.000000,0.000000,463.727542,0.000000,0.000000,91.659771,195.113709,0.120411,753.203146
0.000000,0.000000,462.429997,0.000000,0.000000,99.042847,200.831654,0.141843,727.839697
0.000000,0.000000,463.375821,0.000000,0.000000,100.065600,201.794882,0.127414,734.485835
0.000000,0.000000,461.781653,0.000000,0.000000,99.786164,197.420187,0.096794,740.725736
0.000000,0.000000,464.885418,0.000000,0.000000,100.276503,193.238611,0.132796,742.164757
0.000000,0.000000,464.837039,0.000000,0.000000,99.140969,193.243226,0.133389,754.241169
0.000000,0.000000,464.956031,0.000000,0.000000,94.485217,187.011119,0.137626,767.561359
0.000000,0.000000,464.907165,0.000000,0.000000,86.012922,180.511252,0.145409,769.437105
0.000000,0.000000,464.162327,0.000000,0.000000,85.075507,187.448338,0.118639,763.787428
0.000000,0.000000,462.731288,0.000000,0.000000,83.464085,172.028769,0.136337,761.958462
0.000000,0.000000,485.133856,0.000000,0.000000,81.275339,169.158054,0.121905,780.068093
0.000000,0.000000,463.318000,0.000000,0.000000,82.952233,163.355180,0.149518,747.375352
0.000000,0.000000,467.910778,0.000000,0.000000,83.527940,162.351885,0.128955,737.160734
0.000000,0.000000,478.576166,0.000000,0.000000,85.700602,162.371776,0.130118,753.618994
0.000000,0.000000,464.519000,0.000000,0.000000,84.060895,160.184017,0.104045,722.576969
0.000000,0.000000,464.060217,0.000000,0.000000,81.829614,158.925203,0.129655,717.067636
0.000000,0.000000,464.186138,0.000000,0.000000,82.171066,157.434517,0.126433,716.134646
0.000000,0.000000,464.306577,0.000000,0.000000,83.768639,154.686048,0.136245,712.659472
0.000000,0.000000,464.802295,0.000000,0.000000,84.635679,148.829137,0.142235,715.345352
0.000000,0.000000,464.222847,0.000000,0.000000,80.802608,142.333297,0.136840,710.808959
0.000000,0.000000,464.109327,0.000000,0.000000,81.437007,147.903464,0.148778,707.348164
0.000000,0.000000,459.825963,0.000000,0.000000,84.626083,144.380603,0.137663,701.828919
0.000000,0.000000,462.772813,0.000000,0.000000,82.229013,136.424161,0.115380,703.609972
0.000000,0.000000,463.481654,0.000000,0.000000,84.150047,136.943446,4.679073,699.451225
0.000000,0.000000,462.239294,0.000000,0.000000,84.327094,124.934387,0.115406,687.697207
0.000000,0.000000,464.356047,0.000000,0.000000,82.677545,121.982104,0.137507,696.144764
0.000000,0.000000,463.378946,0.000000,0.000000,91.286228,125.327521,0.141799,694.688782
0.000000,0.000000,463.537310,0.000000,0.000000,88.281422,108.787462,0.143103,684.317937
0.000000,0.000000,464.666254,0.000000,0.000000,77.669282,103.990086,0.141998,692.641990
0.000000,0.000000,459.171431,0.000000,0.000000,78.172876,106.593915,0.153640,670.607345
0.000000,0.000000,467.897765,0.000000,0.000000,84.810429,105.929476,0.135600,674.748625
0.000000,0.000000,472.881988,0.000000,0.000000,87.312632,103.271979,0.135757,691.807167
0.000000,0.000000,462.975226,0.000000,0.000000,86.739843,102.139655,0.179827,662.395379
0.000000,0.000000,463.084607,0.000000,0.000000,91.502988,107.026878,0.429168,646.838619
0.000000,0.000000,462.982487,0.000000,0.000000,99.149104,190.579837,0.093133,649.951183
0.000000,0.000000,463.410975,0.000000,0.000000,94.314239,154.384577,0.114869,656.300771
0.000000,0.000000,467.522411,0.000000,0.000000,94.137049,155.192764,0.105679,660.189056
0.000000,0.000000,462.673559,0.000000,0.000000,100.035676,158.315059,0.111511,653.787020
0.000000,0.000000,486.535604,0.000000,0.000000,94.028203,149.301972,0.107920,687.357916
0.000000,0.000000,630.392953,0.000000,0.000000,94.433258,156.176353,0.095817,922.438678
0.000000,0.000000,478.602246,0.000000,0.000000,91.397271,148.602957,0.108037,729.814973
0.000000,0.000000,471.250667,0.000000,0.000000,85.077606,157.171797,0.117993,722.966990
0.000000,0.000000,462.539683,0.000000,0.000000,85.657793,155.257991,0.108294,723.336189
0.000000,0.000000,463.626062,0.000000,0.000000,87.168473,155.151872,0.101180,709.294889
0.000000,0.000000,462.589430,0.000000,0.000000,86.404416,155.173588,0.090132,715.530569
0.000000,0.000000,462.077525,0.000000,0.000000,86.948163,158.394914,0.121501,704.397164
0.000000,0.000000,462.932673,0.000000,0.000000,86.922834,161.189851,0.379219,707.477752
0.000000,0.000000,464.013575,0.000000,0.000000,91.666314,171.701240,0.112137,707.299221
0.000000,0.000000,463.920835,0.000000,0.000000,92.827904,165.328691,0.118986,708.575625
0.000000,0.000000,462.644026,0.000000,0.000000,84.427440,157.983405,0.095230,706.533071
0.000000,0.000000,463.733551,0.000000,0.000000,80.622761,163.884338,0.110560,711.574587
0.000000,0.000000,462.681052,0.000000,0.000000,84.370285,160.989250,0.104248,713.454990
0.000000,0.000000,463.931262,0.000000,0.000000,82.329064,156.933539,0.113750,729.821719
0.000000,0.000000,478.552891,0.000000,0.000000,82.417343,155.739113,0.111478,739.215732
0.000000,0.000000,463.327589,0.000000,0.000000,87.189070,163.922304,0.121619,707.959772
0.000000,0.000000,462.844291,0.000000,0.000000,89.009722,172.903440,0.116976,709.735272
0.000000,0.000000,463.157212,0.000000,0.000000,87.824427,179.282700,0.122780,711.045869
0.000000,0.000000,462.288579,0.000000,0.000000,80.931117,162.973172,0.119941,703.981578
0.000000,0.000000,462.724254,0.000000,0.000000,76.313949,166.826318,0.109951,703.272583
0.000000,0.000000,463.696200,0.000000,0.000000,78.914050,170.321963,0.117551,717.268972
0.000000,0.000000,463.825973,0.000000,0.000000,80.343084,164.150499,0.120789,728.176643
0.000000,0.000000,463.121626,0.000000,0.000000,79.482761,176.460576,0.116030,732.715136
0.000000,0.000000,491.698511,0.000000,0.000000,77.473720,166.703685,0.119043,739.475366
0.000000,0.000000,467.531602,0.000000,0.000000,77.820561,180.920279,0.111409,713.197896
0.000000,0.000000,462.310946,0.000000,0.000000,84.497697,191.599097,0.121152,714.036015
0.000000,0.000000,462.600409,0.000000,0.000000,81.510428,173.766194,0.119488,709.545292
0.000000,0.000000,467.441928,0.000000,0.000000,79.121176,166.630464,0.133753,725.806997
0.000000,0.000000,461.819581,0.000000,0.000000,82.297724,155.179780,0.120214,708.453560
0.000000,0.000000,463.479804,0.000000,0.000000,81.793915,145.315917,0.117919,724.762089
0.000000,0.000000,464.038065,0.000000,0.000000,82.120414,139.192355,0.090543,742.718386
0.000000,0.000000,463.922196,0.000000,0.000000,79.577024,145.217351,0.118309,721.722179
0.000000,0.000000,462.831791,0.000000,0.000000,74.787129,134.929192,0.134083,711.231524
0.000000,0.000000,463.311387,0.000000,0.000000,72.671473,131.683645,0.125249,703.275074
0.000000,0.000000,462.856327,0.000000,0.000000,79.578279,123.734621,0.085851,692.517922
0.000000,0.000000,462.601167,0.000000,0.000000,79.742344,114.896222,0.092718,686.164860
0.000000,0.000000,462.786893,0.000000,0.000000,75.667548,106.042506,0.127010,689.884978
0.000000,0.000000,462.901353,0.000000,0.000000,73.992762,96.995263,0.077695,674.950306
0.000000,0.000000,461.465510,0.000000,0.000000,74.270901,90.595419,0.139379,668.106809
0.000000,0.000000,463.869999,0.000000,0.000000,70.629482,77.729609,0.127868,669.289067
0.000000,0.000000,462.394715,0.000000,0.000000,67.107358,73.232286,0.079853,659.304249
0.000000,0.000000,465.493267,0.000000,0.000000,62.402900,66.816961,0.086864,649.312744
0.000000,0.000000,470.051647,0.000000,0.000000,61.369644,66.631571,0.081404,643.335960
0.000000,0.000000,466.347542,0.000000,0.000000,62.196759,63.061680,0.066244,633.158170
0.000000,0.000000,463.811581,0.000000,0.000000,61.618577,63.177643,0.089373,614.048988
0.000000,0.000000,465.279912,0.000000,0.000000,62.202491,61.542373,0.080342,607.367812
0.000000,0.000000,463.240793,0.000000,0.000000,60.313046,59.912714,0.064694,594.309374
0.000000,0.000000,463.532915,0.000000,0.000000,58.653592,60.004000,0.071116,593.379137
0.000000,0.000000,464.810335,0.000000,0.000000,59.391703,62.193036,0.083205,591.756693
0.000000,0.000000,461.623973,0.000000,0.000000,60.969183,60.519188,0.061912,588.312124
0.000000,0.000000,462.233439,0.000000,0.000000,61.223110,58.753952,0.061361,587.671287
0.000000,0.000000,464.265389,0.000000,0.000000,60.123002,56.220022,0.059066,586.249636
0.000000,0.000000,461.241739,0.000000,0.000000,57.950254,52.330013,0.091775,581.553732
0.000000,0.000000,461.787573,0.000000,0.000000,57.468275,53.207108,0.233448,584.992100
0.000000,0.000000,489.818965,0.000000,0.000000,53.895565,46.555734,0.217677,612.892442
0.000000,0.000000,473.028765,0.000000,0.000000,54.080401,46.542902,0.050589,594.521551
0.000000,0.000000,465.658365,0.000000,0.000000,59.809389,48.024359,0.070418,583.459897
0.000000,0.000000,459.476631,0.000000,0.000000,61.931995,52.454630,0.058134,571.259507
0.000000,0.000000,458.804520,0.000000,0.000000,61.214480,56.221819,0.059710,571.345975
0.000000,0.000000,486.968476,0.000000,0.000000,67.112836,58.631396,0.066242,589.623424
0.000000,0.000000,460.648763,0.000000,0.000000,70.424282,62.052849,1.830919,562.778832
0.000000,0.000000,458.984550,0.000000,0.000000,66.392619,61.309658,0.071758,568.227022
0.000000,0.000000,458.529829,0.000000,0.000000,62.126580,63.941836,0.068447,574.430581
0.000000,0.000000,458.527701,0.000000,0.000000,60.997885,63.192532,0.075357,577.413136
0.000000,0.000000,466.025439,0.000000,0.000000,60.850209,65.032306,0.082824,593.208803
0.000000,0.000000,462.476014,0.000000,0.000000,66.330720,77.073409,0.078177,598.295916
0.000000,0.000000,458.163877,0.000000,0.000000,71.237393,77.850373,0.086435,587.455687
0.000000,0.000000,463.732959,0.000000,0.000000,67.571129,76.743205,0.077516,591.492964
0.000000,0.000000,469.019144,0.000000,0.000000,61.160703,80.818271,0.076795,594.870690
0.000000,0.000000,463.283261,0.000000,0.000000,65.192992,96.071697,0.062753,590.859321
0.000000,0.000000,461.698162,0.000000,0.000000,63.714128,96.580747,0.058043,606.939214
0.000000,0.000000,464.945601,0.000000,0.000000,55.326254,95.676037,0.072155,615.851348
0.000000,0.000000,463.261535,0.000000,0.000000,61.328608,119.601385,0.078585,609.381724
0.000000,0.000000,463.397666,0.000000,0.000000,74.864812,134.950581,0.113429,607.252446
0.000000,0.000000,476.938499,0.000000,0.000000,69.212391,134.908833,0.123977,640.096639
0.000000,0.000000,461.495043,0.000000,0.000000,70.966381,156.982758,0.126154,623.775396
0.000000,0.000000,466.713848,0.000000,0.000000,80.024229,162.669758,0.113295,619.722194
0.000000,0.000000,462.647901,0.000000,0.000000,82.281929,168.256149,0.115361,645.699595
0.000000,0.000000,463.212217,0.000000,0.000000,80.796470,166.528422,0.096841,675.293427
0.000000,0.000000,462.130301,0.000000,0.000000,88.526738,182.635979,0.106849,668.477506
0.000000,0.000000,462.757733,0.000000,0.000000,92.815734,169.866518,0.091703,693.046224
0.000000,0.000000,462.150637,0.000000,0.000000,86.473393,163.860890,0.137616,707.192419
0.000000,0.000000,463.038894,0.000000,0.000000,84.387625,158.309047,0.118575,716.015158
0.000000,0.000000,462.350593,0.000000,0.000000,81.203533,153.858430,0.118540,712.012566
0.000000,0.000000,462.784719,0.000000,0.000000,80.903225,153.854036,0.117685,736.446349
0.000000,0.000000,463.336321,0.000000,0.000000,80.778428,155.132771,0.085386,728.504945
0.000000,0.000000,463.474702,0.000000,0.000000,82.970416,160.360498,0.119709,716.507248
0.000000,0.000000,461.951927,0.000000,0.000000,82.171209,153.463278,0.121296,707.147714
0.000000,0.000000,463.479070,0.000000,0.000000,76.135856,154.995532,0.123321,701.019852
0.000000,0.000000,463.517853,0.000000,0.000000,79.379834,161.594602,0.115882,700.776117
0.000000,0.000000,462.789178,0.000000,0.000000,79.893219,156.866527,0.084860,701.097814
0.000000,0.000000,479.127225,0.000000,0.000000,78.471580,159.326424,0.115135,725.384927
0.000000,0.000000,472.459243,0.000000,0.000000,81.589507,163.598478,0.118460,710.584755
0.000000,0.000000,462.433589,0.000000,0.000000,78.361674,161.452026,0.106533,696.127680
0.000000,0.000000,462.588390,0.000000,0.000000,75.078609,161.780915,0.116553,706.081385
0.000000,0.000000,462.654255,0.000000,0.000000,79.688161,170.505194,0.116333,701.725278
0.000000,0.000000,462.496570,0.000000,0.000000,84.430856,165.513585,0.115522,702.796217
0.000000,0.000000,474.973421,0.000000,0.000000,83.103244,159.341001,0.084769,722.663918
0.000000,0.000000,475.257476,0.000000,0.000000,89.659628,173.492775,0.104327,717.589479
0.000000,0.000000,475.891876,0.000000,0.000000,96.256128,165.417693,0.121761,715.265961
0.000000,0.000000,475.404874,0.000000,0.000000,86.891868,167.874904,0.118220,728.068970
0.000000,0.000000,476.098004,0.000000,0.000000,94.961836,176.281539,0.114556,728.561733
0.000000,0.000000,475.516988,0.000000,0.000000,95.609337,161.744185,0.112349,720.383664
0.000000,0.000000,475.969189,0.000000,0.000000,96.372824,166.972466,0.098748,741.535283
0.000000,0.000000,476.423860,0.000000,0.000000,95.008826,159.571470,0.099024,740.683694
0.000000,0.000000,475.697953,0.000000,0.000000,94.283887,167.989448,0.111117,732.926002
0.000000,0.000000,475.834828,0.000000,0.000000,100.103284,171.673934,0.120262,749.618617
0.000000,0.000000,476.123582,0.000000,0.000000,100.432437,171.624098,0.098517,735.975177
0.000000,0.000000,489.974127,0.000000,0.000000,102.182763,168.577439,0.082401,755.875566
0.000000,0.000000,477.690390,0.000000,0.000000,105.982440,167.799973,0.127424,734.730601
0.000000,0.000000,465.883964,0.000000,0.000000,104.177515,159.417455,0.095508,730.650016
0.000000,0.000000,465.021135,0.000000,0.000000,93.303325,157.416679,0.108378,739.259418
0.000000,0.000000,465.040499,0.000000,0.000000,97.371399,165.093031,0.116705,739.550596
0.000000,0.000000,464.642863,0.000000,0.000000,104.118354,164.613561,0.112694,737.851971
0.000000,0.000000,465.332108,0.000000,0.000000,106.665571,163.683319,0.115334,741.848882
0.000000,0.000000,498.098472,0.000000,0.000000,108.781218,164.929630,0.109864,764.134439
0.000000,0.000000,476.180871,0.000000,0.000000,109.343493,163.884070,0.108621,729.261306
0.000000,0.000000,489.948812,0.000000,0.000000,108.689572,163.445556,0.107981,754.926879
0.000000,0.000000,465.063665,0.000000,0.000000,109.300320,162.008957,0.112824,736.293057
0.000000,0.000000,472.492072,0.000000,0.000000,105.623613,160.397298,0.091962,745.317301
0.000000,0.000000,465.697933,0.000000,0.000000,103.035845,164.541242,0.083881,742.002907
0.000000,0.000000,464.623793,0.000000,0.000000,95.603769,158.651882,0.119174,740.389073
0.000000,0.000000,465.118818,0.000000,0.000000,84.994209,149.557792,0.102647,739.793461
0.000000,0.000000,464.597548,0.000000,0.000000,88.402853,168.365523,0.116934,738.331245
0.000000,0.000000,466.724714,0.000000,0.000000,92.097538,157.414989,0.115538,735.238889
0.000000,0.000000,463.787888,0.000000,0.000000,85.606347,165.317078,0.121040,733.693601
0.000000,0.000000,463.134417,0.000000,0.000000,87.504566,165.889659,9.594302,719.849872
0.000000,0.000000,487.635666,0.000000,0.000000,88.160723,163.347928,0.113329,724.615171
0.000000,0.000000,480.154255,0.000000,0.000000,87.847318,166.605499,0.085667,739.382256
0.000000,0.000000,463.616671,0.000000,0.000000,86.646666,164.159971,0.125015,715.565095
0.000000,0.000000,462.399447,0.000000,0.000000,84.561593,162.732794,0.111835,715.749402
0.000000,0.000000,462.986932,0.000000,0.000000,83.645046,168.682593,0.095538,825.578727
0.000000,0.000000,459.231477,0.000000,0.000000,80.174444,168.010557,0.116424,713.405295
0.000000,0.000000,463.267930,0.000000,0.000000,78.779052,167.585950,0.118031,720.379940
0.000000,0.000000,462.240087,0.000000,0.000000,81.164136,160.278450,0.091431,715.674244
0.000000,0.000000,480.868986,0.000000,0.000000,80.883327,160.260921,0.113187,730.724820
0.000000,0.000000,463.637712,0.000000,0.000000,79.544082,162.165424,0.115547,718.328442
0.000000,0.000000,460.102736,0.000000,0.000000,81.685634,173.456289,0.116228,710.733643
0.000000,0.000000,460.609926,0.000000,0.000000,84.275670,185.217803,0.118412,709.506867
0.000000,0.000000,489.096347,0.000000,0.000000,85.265263,185.208551,0.122278,733.098278
0.000000,0.000000,461.786737,0.000000,0.000000,84.021882,170.534456,0.429860,705.508022
0.000000,0.000000,484.746432,0.000000,0.000000,84.061675,170.740315,0.096351,728.991504
0.000000,0.000000,490.272646,0.000000,0.000000,79.227789,165.164429,0.116877,747.926495
0.000000,0.000000,464.464696,0.000000,0.000000,76.890143,161.322107,0.129612,736.487799
0.000000,0.000000,462.355389,0.000000,0.000000,75.793131,160.341152,0.117881,735.342451
0.000000,0.000000,476.024830,0.000000,0.000000,74.382111,157.590473,0.120797,733.546341
0.000000,0.000000,478.452812,0.000000,0.000000,66.944189,142.136778,0.128485,735.661106
0.000000,0.000000,482.035711,0.000000,0.000000,68.868268,148.526965,0.131482,728.989468
0.000000,0.000000,468.240205,0.000000,0.000000,72.421039,130.198137,0.122875,709.143933
0.000000,0.000000,468.092413,0.000000,0.000000,71.108880,117.763860,0.125860,706.694711
0.000000,0.000000,471.657718,0.000000,0.000000,66.934774,106.334268,0.083045,706.100689
0.000000,0.000000,464.264135,0.000000,0.000000,65.436612,103.181622,0.107474,675.812074
0.000000,0.000000,576.526719,0.000000,0.000000,63.044657,95.421734,0.082542,796.616135
0.000000,0.000000,485.694348,0.000000,0.000000,62.384803,91.987946,0.112318,690.774796
0.000000,0.000000,462.708010,0.000000,0.000000,55.499138,77.159669,0.078930,653.933878
0.000000,0.000000,463.338821,0.000000,0.000000,53.821165,69.299282,0.074388,638.970131
0.000000,0.000000,492.114369,0.000000,0.000000,59.528104,69.911224,0.081290,662.834043
0.000000,0.000000,465.103660,0.000000,0.000000,64.676270,64.597898,0.085760,625.515427
0.000000,0.000000,632.459505,0.000000,0.000000,61.345553,57.958027,0.066791,788.967747
0.000000,0.000000,468.940945,0.000000,0.000000,60.179038,59.188577,0.066587,603.449169
0.000000,0.000000,461.252962,0.000000,0.000000,57.161347,50.344323,0.063833,586.270110
0.000000,0.000000,475.941695,0.000000,0.000000,55.444702,44.516137,0.057110,607.122283
0.000000,0.000000,459.573493,0.000000,0.000000,58.666022,43.150178,0.222974,590.522939
0.000000,0.000000,487.677260,0.000000,0.000000,57.810593,37.364265,0.058409,608.513084
0.000000,0.000000,463.148075,0.000000,0.000000,52.548089,38.637956,0.097291,583.983563
0.000000,0.000000,458.043242,0.000000,0.000000,53.177670,35.536800,0.059930,566.982108
0.000000,0.000000,457.443200,0.000000,0.000000,54.073504,36.369840,0.077376,559.641703
0.000000,0.000000,459.308554,0.000000,0.000000,55.749098,36.774960,0.221698,562.974081
0.000000,0.000000,472.664729,0.000000,0.000000,55.509043,37.524125,0.058375,569.220368
0.000000,0.000000,464.208284,0.000000,0.000000,75.051807,41.539110,0.063940,560.158500
0.000000,0.000000,490.229797,0.000000,0.000000,59.068961,44.935368,0.062446,580.428231
0.000000,0.000000,460.755840,0.000000,0.000000,58.245719,56.042197,0.341037,552.740148
0.000000,0.000000,458.490268,0.000000,0.000000,59.689899,61.324095,0.107264,553.101001
0.000000,0.000000,458.132277,0.000000,0.000000,61.080922,61.360998,0.086148,552.542192
0.000000,0.000000,466.300202,0.000000,0.000000,63.143732,65.000808,0.080227,584.677307
0.000000,0.000000,465.111792,0.000000,0.000000,67.554101,73.637456,0.060105,572.503457
0.000000,0.000000,460.509920,0.000000,0.000000,67.206642,72.371450,0.123468,576.718805
0.000000,0.000000,471.688669,0.000000,0.000000,66.969549,89.581978,0.114333,594.422335
0.000000,0.000000,487.660586,0.000000,0.000000,69.801446,95.695091,0.126584,611.874915
0.000000,0.000000,458.570853,0.000000,0.000000,68.835818,102.567504,0.142224,588.428719
0.000000,0.000000,462.103561,0.000000,0.000000,71.875860,117.270979,0.131692,605.073840
0.000000,0.000000,464.206634,0.000000,0.000000,71.718664,127.456252,0.091360,605.705762
0.000000,0.000000,460.626236,0.000000,0.000000,71.794035,144.782231,0.122633,619.203494
0.000000,0.000000,468.772537,0.000000,0.000000,74.847016,158.742745,0.122472,636.309775
0.000000,0.000000,477.163312,0.000000,0.000000,74.318987,158.050744,0.098884,650.807361
0.000000,0.000000,465.773167,0.000000,0.000000,72.753382,162.542137,0.104437,657.133759
0.000000,0.000000,461.882266,0.000000,0.000000,75.026221,168.899984,0.118363,663.519249
0.000000,0.000000,464.506274,0.000000,0.000000,80.646783,172.508427,0.120386,683.338085
0.000000,0.000000,463.341028,0.000000,0.000000,83.728747,166.407926,0.113494,699.298250
0.000000,0.000000,497.100836,0.000000,0.000000,82.594350,158.808776,0.121249,733.883225
0.000000,0.000000,463.678181,0.000000,0.000000,80.620896,153.648290,0.125933,701.328523
0.000000,0.000000,471.963490,0.000000,0.000000,83.041476,157.169073,0.106974,718.294527
0.000000,0.000000,464.104983,0.000000,0.000000,86.528007,158.222656,0.116727,719.822317
0.000000,0.000000,464.520187,0.000000,0.000000,84.886886,155.397725,0.118063,717.245911
0.000000,0.000000,461.083390,0.000000,0.000000,81.077089,149.424174,0.087581,704.942743
0.000000,0.000000,471.117221,0.000000,0.000000,79.218667,154.780014,0.110907,707.853508
0.000000,0.000000,465.942240,0.000000,0.000000,78.691689,154.412580,0.130691,708.642420
0.000000,0.000000,486.934790,0.000000,0.000000,73.900897,147.452463,0.113563,734.261137
0.000000,0.000000,462.431714,0.000000,0.000000,71.316243,149.187465,0.119237,705.158568
0.000000,0.000000,483.575089,0.000000,0.000000,73.608208,152.829093,0.119536,716.382216
0.000000,0.000000,466.858628,0.000000,0.000000,75.498825,149.871301,0.119757,703.315248
0.000000,0.000000,474.048236,0.000000,0.000000,75.306980,150.420234,0.121588,709.676445
0.000000,0.000000,474.284347,0.000000,0.000000,78.786037,151.879569,0.121040,698.208994
0.000000,0.000000,467.308390,0.000000,0.000000,79.700742,149.547484,0.121340,690.309451
0.000000,0.000000,458.016709,0.000000,0.000000,76.492827,150.411356,0.114869,686.943214
0.000000,0.000000,464.235824,0.000000,0.000000,79.952645,160.371421,0.120708,692.125061
0.000000,0.000000,464.072559,0.000000,0.000000,80.591767,153.085161,0.117564,692.263398
0.000000,0.000000,460.172489,0.000000,0.000000,80.533875,158.147322,0.117948,693.478263
0.000000,0.000000,461.870108,0.000000,0.000000,84.864727,158.011300,0.089515,693.641163
0.000000,0.000000,462.281673,0.000000,0.000000,79.668152,150.188254,0.083762,691.593582
0.000000,0.000000,462.634484,0.000000,0.000000,80.391912,153.819224,0.138997,705.479919
0.000000,0.000000,478.246260,0.000000,0.000000,85.310247,159.119243,0.121599,714.396748
0.000000,0.000000,459.089625,0.000000,0.000000,85.497331,152.568247,0.131784,700.232901
0.000000,0.000000,465.663402,0.000000,0.000000,80.856174,153.237276,0.119281,710.982287
0.000000,0.000000,462.479152,0.000000,0.000000,79.678083,150.917175,0.098880,694.792691
0.000000,0.000000,469.857265,0.000000,0.000000,78.621459,150.203466,0.138207,706.644130
0.000000,0.000000,481.709235,0.000000,0.000000,78.545973,149.892980,0.118192,728.703826
0.000000,0.000000,473.885708,0.000000,0.000000,76.285067,140.613818,0.120434,714.497768
0.000000,0.000000,463.350162,0.000000,0.000000,72.096613,140.588684,0.148508,700.275000
0.000000,0.000000,460.580067,0.000000,0.000000,71.186111,128.745533,0.127358,693.649617
0.000000,0.000000,462.566293,0.000000,0.000000,71.177005,128.110674,0.122748,693.903007
0.000000,0.000000,459.369504,0.000000,0.000000,67.635781,118.622781,0.132029,690.236139
0.000000,0.000000,463.647905,0.000000,0.000000,64.901522,115.341387,0.136639,682.900960
0.000000,0.000000,466.535307,0.000000,0.000000,68.161056,112.834185,0.124608,681.901694
0.000000,0.000000,466.850076,0.000000,0.000000,70.205886,112.895184,0.124667,669.110557
0.000000,0.000000,464.581101,0.000000,0.000000,74.164425,114.847039,0.114851,666.195888
0.000000,0.000000,458.886364,0.000000,0.000000,75.777220,112.490749,0.121361,647.421031
0.000000,0.000000,482.528021,0.000000,0.000000,75.049157,109.913928,0.122191,665.084911
0.000000,0.000000,464.085276,0.000000,0.000000,71.411380,109.880293,0.127935,647.310729
0.000000,0.000000,478.253916,0.000000,0.000000,71.004851,113.700552,0.128099,663.514502
0.000000,0.000000,462.943184,0.000000,0.000000,72.928047,113.637443,0.125453,654.118656
0.000000,0.000000,467.230086,0.000000,0.000000,66.679491,108.637772,0.119416,657.785116
0.000000,0.000000,462.804023,0.000000,0.000000,64.528950,115.725185,0.130567,649.898788
0.000000,0.000000,462.314178,0.000000,0.000000,71.951967,122.916455,0.124251,645.873337
0.000000,0.000000,467.822004,0.000000,0.000000,73.492198,125.037083,0.123305,654.743000
0.000000,0.000000,464.209372,0.000000,0.000000,70.204283,132.767054,0.113010,653.118434
0.000000,0.000000,476.614759,0.000000,0.000000,72.727697,140.784571,0.123373,654.107010
0.000000,0.000000,462.130360,0.000000,0.000000,76.655248,134.566538,0.120967,644.713716
0.000000,0.000000,510.284807,0.000000,0.000000,76.194526,145.533472,0.094188,707.470446
0.000000,0.000000,460.182525,0.000000,0.000000,76.776254,149.362126,0.119615,660.959979
0.000000,0.000000,458.015160,0.000000,0.000000,78.802355,147.289729,0.117446,663.264891
0.000000,0.000000,473.013634,0.000000,0.000000,78.352889,155.552421,0.120612,688.922324
0.000000,0.000000,465.130334,0.000000,0.000000,79.504997,156.825495,0.124648,678.741344
0.000000,0.000000,473.541492,0.000000,0.000000,82.687431,160.148288,0.123857,697.577473
0.000000,0.000000,462.735420,0.000000,0.000000,86.945877,161.997671,0.119529,691.350195
0.000000,0.000000,487.468353,0.000000,0.000000,86.469105,162.711523,0.088721,716.021541
0.000000,0.000000,460.349607,0.000000,0.000000,85.172093,163.696871,0.086360,696.781372
0.000000,0.000000,469.905274,0.000000,0.000000,86.073674,162.300284,0.119850,708.723568
0.000000,0.000000,464.764842,0.000000,0.000000,84.106792,158.559792,0.648136,710.231854
0.000000,0.000000,476.528488,0.000000,0.000000,82.053305,156.800422,0.126651,728.076579
0.000000,0.000000,487.857718,0.000000,0.000000,81.214997,155.486546,0.124962,740.373092
0.000000,0.000000,484.250037,0.000000,0.000000,82.572620,155.625323,0.118959,735.587312
0.000000,0.000000,463.301876,0.000000,0.000000,83.392312,153.753140,0.089687,714.237694
0.000000,0.000000,473.126007,0.000000,0.000000,83.383569,158.466696,0.100139,719.110557
0.000000,0.000000,481.802996,0.000000,0.000000,82.190898,158.163021,0.088807,723.600008
0.000000,0.000000,486.754826,0.000000,0.000000,81.656493,158.696616,0.130733,726.054869
0.000000,0.000000,464.045049,0.000000,0.000000,77.446033,149.778590,0.111700,704.799668
0.000000,0.000000,463.775480,0.000000,0.000000,74.493332,151.786486,0.098398,703.283231
0.000000,0.000000,465.252336,0.000000,0.000000,75.217826,153.091582,0.117495,709.679396
0.000000,0.000000,472.114949,0.000000,0.000000,70.586966,148.999837,0.090625,714.985290
0.000000,0.000000,471.161778,0.000000,0.000000,70.154984,159.204762,0.123325,714.107451
0.000000,0.000000,475.600019,0.000000,0.000000,72.578956,155.031363,0.128403,705.288741
0.000000,0.000000,477.375576,0.000000,0.000000,66.945649,147.820013,0.126321,706.181438
0.000000,0.000000,476.093546,0.000000,0.000000,63.195697,152.644807,0.109104,706.864373
0.000000,0.000000,461.760417,0.000000,0.000000,69.104976,164.124880,0.126664,683.618896
0.000000,0.000000,491.172602,0.000000,0.000000,77.655253,159.732544,0.121638,723.132241
0.000000,0.000000,478.617693,0.000000,0.000000,75.075570,154.100508,0.118420,708.944286
0.000000,0.000000,485.361973,0.000000,0.000000,75.457502,158.496832,0.127863,703.989833
0.000000,0.000000,471.360724,0.000000,0.000000,80.903088,164.417978,0.126805,689.767737
0.000000,0.000000,460.986989,0.000000,0.000000,79.125466,154.655454,0.119359,696.903340
0.000000,0.000000,483.991805,0.000000,0.000000,75.371564,155.082603,0.126329,724.022645
0.000000,0.000000,462.449410,0.000000,0.000000,78.619649,153.452732,0.126805,694.078649
0.000000,0.000000,491.260001,0.000000,0.000000,72.027974,140.449192,0.119666,727.841022
0.000000,0.000000,474.655676,0.000000,0.000000,77.648655,157.687895,0.123187,722.714539
0.000000,0.000000,473.506819,0.000000,0.000000,88.500865,144.712819,0.116508,709.784775
0.000000,0.000000,464.461043,0.000000,0.000000,90.255270,142.760663,0.121127,697.587714
0.000000,0.000000,462.996812,0.000000,0.000000,86.929488,139.103479,0.116025,697.612731
0.000000,0.000000,472.479712,0.000000,0.000000,84.115007,139.838062,0.130368,687.331633
0.000000,0.000000,466.970826,0.000000,0.000000,79.661354,142.895639,0.107570,704.862911
0.000000,0.000000,461.735254,0.000000,0.000000,75.677177,147.556756,0.101953,697.437954
0.000000,0.000000,463.546785,0.000000,0.000000,78.265011,150.239623,0.104808,699.202402
0.000000,0.000000,464.227012,0.000000,0.000000,75.326972,149.271828,0.115651,692.661931
0.000000,0.000000,462.953983,0.000000,0.000000,76.560491,160.775246,0.118681,689.464695
0.000000,0.000000,486.300068,0.000000,0.000000,77.059208,156.798910,0.103989,711.250627
0.000000,0.000000,474.217284,0.000000,0.000000,73.526717,162.681591,0.128832,699.846689
0.000000,0.000000,461.381938,0.000000,0.000000,76.220790,167.947146,0.105800,692.417494
0.000000,0.000000,469.600388,0.000000,0.000000,73.897180,158.188234,0.102741,696.635411
0.000000,0.000000,462.996758,0.000000,0.000000,68.987076,151.975962,0.121304,702.840528
0.000000,0.000000,489.207783,0.000000,0.000000,66.778114,158.604509,0.117838,725.558528
0.000000,0.000000,492.274545,0.000000,0.000000,68.116796,152.716122,0.122390,731.069296
0.000000,0.000000,489.565411,0.000000,0.000000,65.727795,152.927623,0.121190,736.418558
0.000000,0.000000,459.887941,0.000000,0.000000,70.504768,159.655304,0.087369,694.538441
0.000000,0.000000,465.479658,0.000000,0.000000,73.527022,156.879168,0.098405,689.073088
0.000000,0.000000,461.352870,0.000000,0.000000,76.258926,155.110899,0.096638,689.331464
0.000000,0.000000,467.238445,0.000000,0.000000,74.496123,152.154317,0.127346,690.709251
0.000000,0.000000,466.997719,0.000000,0.000000,73.563695,153.061330,0.105749,688.170947
0.000000,0.000000,462.609086,0.000000,0.000000,75.775250,157.901032,0.133178,695.467341
0.000000,0.000000,465.335693,0.000000,0.000000,76.695224,151.231089,0.128993,698.488781
0.000000,0.000000,460.832057,0.000000,0.000000,74.351653,153.184042,0.092939,694.769613
0.000000,0.000000,462.904676,0.000000,0.000000,77.966014,160.107894,0.107125,692.157945
0.000000,0.000000,481.859723,0.000000,0.000000,82.798944,156.161806,0.120391,710.940894
0.000000,0.000000,463.362988,0.000000,0.000000,81.353539,151.531208,0.125502,699.824118
0.000000,0.000000,491.515191,0.000000,0.000000,79.175700,150.096539,0.118339,722.209325
0.000000,0.000000,466.301353,0.000000,0.000000,83.148307,153.786831,0.115734,696.347327
0.000000,0.000000,463.081479,0.000000,0.000000,79.094055,146.962703,0.126549,703.720204
0.000000,0.000000,464.018968,0.000000,0.000000,78.822180,156.831254,0.133938,705.583998
0.000000,0.000000,464.321256,0.000000,0.000000,83.938863,149.074837,0.130983,699.805556
0.000000,0.000000,463.769141,0.000000,0.000000,79.099018,142.474998,0.110257,695.651442
0.000000,0.000000,463.488749,0.000000,0.000000,78.331366,140.603073,0.101473,703.021503
0.000000,0.000000,463.502148,0.000000,0.000000,77.833887,139.944506,0.113828,692.128171
0.000000,0.000000,480.503502,0.000000,0.000000,78.215848,135.531917,0.119325,719.922171
0.000000,0.000000,676.642141,0.000000,0.000000,76.920392,130.423866,0.121067,912.645135
0.000000,0.000000,480.052202,0.000000,0.000000,73.128711,125.854973,0.122046,704.147003
0.000000,0.000000,462.604963,0.000000,0.000000,71.849197,123.369606,0.122811,683.938728
0.000000,0.000000,463.768413,0.000000,0.000000,71.719325,117.601794,0.117821,684.053942
0.000000,0.000000,475.928953,0.000000,0.000000,72.431655,113.226042,0.123380,692.042660
0.000000,0.000000,473.480728,0.000000,0.000000,67.563877,105.850602,0.121506,683.284996
0.000000,0.000000,468.201882,0.000000,0.000000,68.948460,113.616433,0.117566,669.548212
0.000000,0.000000,458.465203,0.000000,0.000000,74.151920,111.084221,0.126167,655.943184
0.000000,0.000000,461.264833,0.000000,0.000000,74.228261,107.844542,0.096736,652.985863
0.000000,0.000000,498.654415,0.000000,0.000000,73.522154,103.681946,0.110352,686.598341
0.000000,0.000000,458.107179,0.000000,0.000000,65.745671,98.905132,0.101157,633.717254
0.000000,0.000000,461.668628,0.000000,0.000000,66.736621,102.905330,0.113829,646.455310
0.000000,0.000000,469.229833,0.000000,0.000000,74.320146,107.626975,0.122768,656.729130
0.000000,0.000000,495.911941,0.000000,0.000000,76.923160,103.768458,0.123285,680.103383
0.000000,0.000000,464.014917,0.000000,0.000000,75.157977,103.780269,0.126226,643.328546
0.000000,0.000000,466.967447,0.000000,0.000000,74.980396,104.613823,0.121626,633.643488
0.000000,0.000000,458.476814,0.000000,0.000000,74.393076,104.010007,0.122075,630.214095
0.000000,0.000000,483.287478,0.000000,0.000000,73.387976,102.896319,0.123980,667.420715
0.000000,0.000000,462.368637,0.000000,0.000000,73.292188,100.836079,0.123381,645.308258
0.000000,0.000000,460.555831,0.000000,0.000000,71.912111,103.316115,0.124577,647.890882
0.000000,0.000000,460.583466,0.000000,0.000000,72.081975,102.142485,0.118816,642.226853
0.000000,0.000000,464.647134,0.000000,0.000000,73.463758,104.553096,0.124386,645.174388
0.000000,0.000000,458.828884,0.000000,0.000000,75.152639,105.730914,0.131794,637.333891
0.000000,0.000000,476.769756,0.000000,0.000000,74.461527,106.560094,0.118357,653.123194
0.000000,0.000000,492.103141,0.000000,0.000000,72.101193,103.479220,0.190682,669.587785
0.000000,0.000000,473.819001,0.000000,0.000000,70.932793,107.563879,0.115583,650.144014
0.000000,0.000000,464.904604,0.000000,0.000000,66.495692,105.671443,0.121805,645.069323
0.000000,0.000000,481.706592,0.000000,0.000000,65.963090,123.531731,0.122553,664.841322
0.000000,0.000000,478.265783,0.000000,0.000000,70.597135,125.464040,0.100988,661.489110
0.000000,0.000000,461.971567,0.000000,0.000000,72.376540,131.266024,0.124511,639.772991
0.000000,0.000000,460.442683,0.000000,0.000000,72.440000,139.136349,0.097340,641.136144
0.000000,0.000000,461.755916,0.000000,0.000000,72.613986,149.629205,0.125948,636.080529
0.000000,0.000000,476.921539,0.000000,0.000000,75.339362,147.368725,0.120068,668.581667
0.000000,0.000000,461.923430,0.000000,0.000000,75.838738,150.723024,0.120772,660.228178
0.000000,0.000000,459.312291,0.000000,0.000000,78.616247,154.369400,0.119723,665.295163
0.000000,0.000000,483.031531,0.000000,0.000000,80.869768,156.792132,0.111157,696.919357
0.000000,0.000000,476.988965,0.000000,0.000000,81.828736,159.756461,0.105495,701.721612
0.000000,0.000000,476.925348,0.000000,0.000000,83.856412,157.312758,0.126726,702.169460
0.000000,0.000000,470.493669,0.000000,0.000000,86.029408,159.820044,0.287173,699.609781
0.000000,0.000000,462.739363,0.000000,0.000000,87.274738,159.974568,0.119940,698.299437
0.000000,0.000000,477.612851,0.000000,0.000000,86.591996,158.043176,0.316565,717.786247
0.000000,0.000000,485.848411,0.000000,0.000000,84.957469,158.605182,0.114533,730.071451
0.000000,0.000000,465.001365,0.000000,0.000000,87.294467,161.131835,0.101962,708.847212
0.000000,0.000000,469.770776,0.000000,0.000000,85.219633,159.043157,0.129110,718.451468
0.000000,0.000000,463.969705,0.000000,0.000000,82.102177,160.789769,0.118342,713.920841
0.000000,0.000000,466.095509,0.000000,0.000000,78.977655,155.447423,0.118978,713.511352
0.000000,0.000000,483.041259,0.000000,0.000000,72.702971,151.854667,0.119653,729.173840
0.000000,0.000000,492.720690,0.000000,0.000000,68.168178,154.288027,0.123216,743.715581
0.000000,0.000000,493.217075,0.000000,0.000000,77.677333,163.993533,0.119462,740.144934
0.000000,0.000000,461.727084,0.000000,0.000000,82.125142,153.908612,0.121242,707.294337
0.000000,0.000000,467.884993,0.000000,0.000000,76.454007,153.620425,0.093570,704.820876
0.000000,0.000000,472.429524,0.000000,0.000000,78.744611,159.420292,0.112182,699.507835
0.000000,0.000000,462.417863,0.000000,0.000000,84.703556,159.965565,0.097733,687.416243
0.000000,0.000000,462.519002,0.000000,0.000000,79.082082,149.388572,0.090125,706.873185
0.000000,0.000000,465.045409,0.000000,0.000000,76.547250,160.123072,0.116194,703.658839
0.000000,0.000000,477.391404,0.000000,0.000000,76.982874,157.617594,0.118554,709.989879
0.000000,0.000000,483.799242,0.000000,0.000000,74.886995,155.443876,0.106823,724.571702
0.000000,0.000000,459.325904,0.000000,0.000000,67.833825,149.011188,0.128085,706.631999
0.000000,0.000000,499.274765,0.000000,0.000000,64.623184,152.857056,0.119724,733.114664
0.000000,0.000000,476.538807,0.000000,0.000000,66.523292,150.484911,0.117992,715.694789
0.000000,0.000000,462.314013,0.000000,0.000000,66.520192,139.312060,0.115294,699.446622
0.000000,0.000000,457.874093,0.000000,0.000000,66.674913,140.738992,0.114626,690.734584
0.000000,0.000000,461.863509,0.000000,0.000000,69.064856,130.576866,0.123072,681.309652
0.000000,0.000000,464.122062,0.000000,0.000000,72.358267,132.762789,0.100788,684.090945
0.000000,0.000000,463.992849,0.000000,0.000000,76.003756,122.485366,0.117865,683.699823
0.000000,0.000000,465.048853,0.000000,0.000000,73.597482,116.529975,0.141401,673.354761
0.000000,0.000000,472.633723,0.000000,0.000000,74.833341,114.334604,0.119077,682.446006
0.000000,0.000000,465.644344,0.000000,0.000000,74.689858,108.856141,0.117612,667.619810
0.000000,0.000000,478.410937,0.000000,0.000000,75.902590,112.462544,0.085780,685.886269
0.000000,0.000000,462.554198,0.000000,0.000000,73.600939,105.222408,0.093740,663.408145
0.000000,0.000000,471.299927,0.000000,0.000000,65.336701,94.532225,0.122417,663.723996
0.000000,0.000000,461.546870,0.000000,0.000000,62.454878,90.940176,0.133121,653.013058
0.000000,0.000000,461.641178,0.000000,0.000000,64.952486,92.910443,0.111761,647.456005
0.000000,0.000000,461.375093,0.000000,0.000000,76.675927,97.680970,0.117793,651.813643
0.000000,0.000000,460.504224,0.000000,0.000000,83.744877,95.269524,0.125120,641.337112
0.000000,0.000000,460.456556,0.000000,0.000000,85.461210,95.430599,0.139747,622.397185
0.000000,0.000000,474.205526,0.000000,0.000000,85.794563,95.334860,0.123552,629.791153
0.000000,0.000000,464.814259,0.000000,0.000000,83.448927,91.489449,0.120369,624.687265
0.000000,0.000000,474.566541,0.000000,0.000000,83.461526,97.626727,0.123083,651.059097
0.000000,0.000000,463.830660,0.000000,0.000000,90.461255,100.089268,0.134741,644.909952
0.000000,0.000000,463.253880,0.000000,0.000000,79.906657,88.218062,0.123430,646.454278
0.000000,0.000000,462.785703,0.000000,0.000000,66.614293,91.015680,0.117284,645.985194
0.000000,0.000000,463.329219,0.000000,0.000000,71.692210,107.878219,0.123142,640.283031
0.000000,0.000000,469.152346,0.000000,0.000000,71.421181,94.986010,0.112301,652.365662
0.000000,0.000000,537.317596,0.000000,0.000000,62.329333,104.208890,0.125545,730.101267
0.000000,0.000000,466.107622,0.000000,0.000000,71.385983,120.608922,0.123043,636.230108
0.000000,0.000000,460.020998,0.000000,0.000000,74.738135,110.684341,0.129911,619.725347
0.000000,0.000000,460.387225,0.000000,0.000000,65.285352,117.291047,0.125858,642.101989
0.000000,0.000000,468.287485,0.000000,0.000000,67.953062,136.628120,0.121016,636.830331
0.000000,0.000000,464.619989,0.000000,0.000000,72.069289,135.261346,0.130395,633.321281
0.000000,0.000000,467.267856,0.000000,0.000000,68.807479,138.765542,0.103659,661.533394
0.000000,0.000000,464.617796,0.000000,0.000000,67.459900,145.350741,0.120172,652.314329
0.000000,0.000000,459.777202,0.000000,0.000000,70.212916,152.882577,0.134012,644.667989
0.000000,0.000000,465.924993,0.000000,0.000000,72.285852,151.510256,0.107197,672.850216
0.000000,0.000000,473.354716,0.000000,0.000000,71.825576,159.360656,0.121813,683.232617
0.000000,0.000000,464.949176,0.000000,0.000000,70.126450,157.001099,0.122926,674.989083
0.000000,0.000000,466.001648,0.000000,0.000000,69.700555,157.557157,0.118224,681.330111
0.000000,0.000000,464.981283,0.000000,0.000000,70.619164,156.574110,0.122409,690.753587
0.000000,0.000000,491.106944,0.000000,0.000000,68.804670,153.660067,0.094883,718.728436
0.000000,0.000000,484.801878,0.000000,0.000000,69.726927,156.787811,0.099041,718.533552
0.000000,0.000000,463.201032,0.000000,0.000000,72.276344,158.515317,0.116655,692.809968
0.000000,0.000000,457.896884,0.000000,0.000000,75.178988,164.216224,0.111159,687.654910
0.000000,0.000000,461.580884,0.000000,0.000000,76.187033,160.847134,0.115640,691.218350
0.000000,0.000000,464.105459,0.000000,0.000000,76.795110,152.791568,0.119684,689.132386
0.000000,0.000000,465.201511,0.000000,0.000000,76.534163,158.951713,0.117380,694.121926
0.000000,0.000000,464.904279,0.000000,0.000000,79.804205,159.709409,0.089089,698.235755
0.000000,0.000000,460.831412,0.000000,0.000000,78.165755,154.909054,0.086753,702.914791
0.000000,0.000000,461.974356,0.000000,0.000000,80.347590,158.417152,0.122497,701.484032
0.000000,0.000000,477.270740,0.000000,0.000000,84.830330,160.409621,0.089032,709.458017
0.000000,0.000000,466.081753,0.000000,0.000000,81.458439,152.111563,0.093437,704.205152
0.000000,0.000000,463.819799,0.000000,0.000000,78.341823,153.304618,0.092334,705.753624
0.000000,0.000000,458.403957,0.000000,0.000000,74.390989,147.812417,0.118364,694.078356
0.000000,0.000000,480.561532,0.000000,0.000000,79.336534,150.127494,0.107034,721.959589
0.000000,0.000000,458.825390,0.000000,0.000000,79.953512,142.168183,0.128115,706.558815
0.000000,0.000000,461.753952,0.000000,0.000000,76.396131,138.366770,0.129631,697.836193
0.000000,0.000000,462.891255,0.000000,0.000000,78.797817,137.937900,0.103334,696.940827
0.000000,0.000000,470.576870,0.000000,0.000000,79.616232,134.342174,0.097801,695.417885
0.000000,0.000000,493.126160,0.000000,0.000000,77.246352,129.908811,0.127748,725.234047
0.000000,0.000000,463.406525,0.000000,0.000000,72.366516,122.337926,0.532820,688.123974
0.000000,0.000000,480.365931,0.000000,0.000000,73.096885,129.962218,0.122584,697.632286
0.000000,0.000000,487.721168,0.000000,0.000000,92.391880,120.094485,0.119808,706.951574
0.000000,0.000000,476.578195,0.000000,0.000000,72.572849,119.444663,0.125228,692.869056
0.000000,0.000000,466.657221,0.000000,0.000000,73.480031,115.948231,0.121568,676.222676
0.000000,0.000000,471.755162,0.000000,0.000000,71.175427,115.824445,0.121061,669.218930
0.000000,0.000000,502.587372,0.000000,0.000000,70.758887,117.287422,0.133641,707.984192
0.000000,0.000000,461.672106,0.000000,0.000000,72.241816,111.945789,0.106321,676.551590
0.000000,0.000000,465.372363,0.000000,0.000000,73.092009,114.395654,0.094858,659.688423
0.000000,0.000000,463.105604,0.000000,0.000000,72.489038,112.096548,0.121283,654.803430
0.000000,0.000000,466.278604,0.000000,0.000000,71.469526,114.583609,0.127227,655.600499
0.000000,0.000000,464.581976,0.000000,0.000000,71.383651,109.154506,0.115269,654.975882
0.000000,0.000000,459.086176,0.000000,0.000000,68.167679,107.341749,0.108026,645.434813
0.000000,0.000000,464.437574,0.000000,0.000000,67.620412,104.038279,0.124294,654.028543
0.000000,0.000000,478.937060,0.000000,0.000000,64.526830,107.554542,0.447451,665.699741
0.000000,0.000000,463.633585,0.000000,0.000000,70.220219,111.822828,0.121900,651.823729
0.000000,0.000000,466.330872,0.000000,0.000000,73.194509,112.978814,0.122544,649.177653
0.000000,0.000000,459.466036,0.000000,0.000000,71.522668,113.570413,0.126764,637.200047
0.000000,0.000000,464.562856,0.000000,0.000000,69.236891,117.245042,0.120419,638.391332
0.000000,0.000000,462.407076,0.000000,0.000000,71.086245,118.396783,0.124232,637.032704
0.000000,0.000000,461.698406,0.000000,0.000000,67.681790,120.813964,0.119909,645.915097
0.000000,0.000000,464.334634,0.000000,0.000000,65.552739,132.929954,0.122105,652.759745
0.000000,0.000000,463.133305,0.000000,0.000000,71.523596,135.144721,0.122842,650.571410
0.000000,0.000000,475.876212,0.000000,0.000000,74.207924,141.253471,0.114339,664.677566
0.000000,0.000000,464.717229,0.000000,0.000000,76.084900,145.856295,0.144228,656.534736
0.000000,0.000000,459.861167,0.000000,0.000000,76.336119,148.665211,0.119356,650.615070
0.000000,0.000000,462.220582,0.000000,0.000000,77.508768,152.508036,0.115175,663.080336
0.000000,0.000000,492.658182,0.000000,0.000000,81.003927,158.439006,0.122385,701.882407
0.000000,0.000000,463.467684,0.000000,0.000000,82.560913,166.085060,0.116261,681.396954
0.000000,0.000000,467.430269,0.000000,0.000000,79.951460,159.524676,0.121367,692.045620
0.000000,0.000000,463.262337,0.000000,0.000000,75.274662,155.706376,0.126245,690.751301
0.000000,0.000000,461.774891,0.000000,0.000000,72.013226,152.060414,0.122786,694.373033
0.000000,0.000000,462.077997,0.000000,0.000000,69.129160,152.561200,0.110789,704.050866
0.000000,0.000000,466.114023,0.000000,0.000000,68.697325,155.596830,0.090940,717.382075
0.000000,0.000000,471.694479,0.000000,0.000000,70.356348,155.351888,0.085459,713.971757
0.000000,0.000000,469.449016,0.000000,0.000000,73.121416,159.242750,0.108549,703.078294
0.000000,0.000000,467.002305,0.000000,0.000000,74.482743,157.673033,0.110959,693.611368
0.000000,0.000000,460.781829,0.000000,0.000000,75.925254,155.679061,0.117957,685.023211
0.000000,0.000000,462.080198,0.000000,0.000000,76.839144,161.258017,0.127201,688.743936
0.000000,0.000000,464.580634,0.000000,0.000000,75.372297,159.451054,0.133645,692.985026
0.000000,0.000000,464.894077,0.000000,0.000000,75.592793,157.530373,0.087587,699.776367
0.000000,0.000000,462.889829,0.000000,0.000000,74.826178,155.370033,0.121697,697.700327
0.000000,0.000000,469.020956,0.000000,0.000000,77.583978,158.222128,0.089606,703.181736
0.000000,0.000000,465.431116,0.000000,0.000000,79.577880,155.331377,0.091161,706.126648
0.000000,0.000000,476.876635,0.000000,0.000000,80.198727,152.252835,0.098079,714.398313
0.000000,0.000000,462.750913,0.000000,0.000000,84.213607,154.444177,0.120267,698.362687
0.000000,0.000000,487.671155,0.000000,0.000000,83.923004,149.041683,0.121276,720.473465
0.000000,0.000000,465.903191,0.000000,0.000000,82.320692,149.153967,0.115858,704.350657
0.000000,0.000000,464.036586,0.000000,0.000000,81.299745,150.738749,0.117652,701.417006
0.000000,0.000000,462.881790,0.000000,0.000000,90.583845,160.719284,0.120362,697.793577
0.000000,0.000000,465.297290,0.000000,0.000000,93.927095,152.479286,0.124007,706.615387
0.000000,0.000000,462.697255,0.000000,0.000000,88.335620,151.277231,0.119896,698.182688
0.000000,0.000000,465.180014,0.000000,0.000000,90.367408,149.976939,0.118230,699.260351
0.000000,0.000000,462.423321,0.000000,0.000000,89.526014,151.013248,0.107235,696.954144
0.000000,0.000000,473.402319,0.000000,0.000000,87.450563,152.727468,0.104399,727.212651
0.000000,0.000000,473.002493,0.000000,0.000000,91.108038,151.164134,0.119272,721.961141
0.000000,0.000000,477.845661,0.000000,0.000000,86.943371,151.843044,0.118902,720.163822
0.000000,0.000000,470.444339,0.000000,0.000000,83.256137,153.535234,0.127452,713.364870
0.000000,0.000000,464.913535,0.000000,0.000000,87.827108,158.461231,0.114908,707.975482
0.000000,0.000000,490.414999,0.000000,0.000000,89.088312,160.488981,0.120152,733.077896
0.000000,0.000000,463.846624,0.000000,0.000000,85.366100,155.111339,0.124174,708.719151
0.000000,0.000000,490.182264,0.000000,0.000000,86.030271,161.045674,0.118139,731.528287
0.000000,0.000000,491.959360,0.000000,0.000000,89.268447,160.655498,0.117463,731.821737
0.000000,0.000000,472.190049,0.000000,0.000000,86.469635,158.158228,0.122834,721.119232
0.000000,0.000000,487.346911,0.000000,0.000000,83.753896,159.083641,0.124823,739.515864
0.000000,0.000000,462.456232,0.000000,0.000000,88.901991,160.263328,0.121451,705.531808
0.000000,0.000000,465.736046,0.000000,0.000000,85.812994,153.240027,0.120464,715.487338
0.000000,0.000000,496.042032,0.000000,0.000000,86.186364,164.179994,0.117345,748.601908
0.000000,0.000000,472.904177,0.000000,0.000000,89.559936,158.601993,0.119642,720.303607
0.000000,0.000000,461.505905,0.000000,0.000000,87.314670,159.626298,0.113038,706.981667
0.000000,0.000000,464.564758,0.000000,0.000000,87.871881,161.938347,0.122091,724.384148
0.000000,0.000000,464.337634,0.000000,0.000000,87.525858,158.339942,0.123867,705.973905
0.000000,0.000000,464.539620,0.000000,0.000000,85.790235,158.019898,0.120105,717.525345
0.000000,0.000000,461.767806,0.000000,0.000000,86.170722,158.756438,0.131125,712.541143
0.000000,0.000000,466.128418,0.000000,0.000000,87.369661,161.397778,0.107384,715.723141
0.000000,0.000000,465.156006,0.000000,0.000000,87.931825,156.761983,0.114292,717.642842
0.000000,0.000000,464.915322,0.000000,0.000000,86.638414,159.078768,0.115141,713.464831
0.000000,0.000000,466.332128,0.000000,0.000000,83.857542,159.637153,0.097175,712.741899
0.000000,0.000000,482.301766,0.000000,0.000000,83.620527,160.014068,0.114741,730.042460
0.000000,0.000000,463.065644,0.000000,0.000000,86.690521,161.955891,0.120171,714.392164
0.000000,0.000000,463.961361,0.000000,0.000000,84.930713,159.050730,0.120429,711.267111
0.000000,0.000000,463.618430,0.000000,0.000000,85.079634,160.335160,0.115947,711.949922
0.000000,0.000000,466.931691,0.000000,0.000000,86.089185,159.252683,0.089104,712.961745
0.000000,0.000000,463.072408,0.000000,0.000000,87.152171,160.375003,0.095898,709.440251
0.000000,0.000000,466.123490,0.000000,0.000000,88.578569,159.942483,0.126908,717.377554
0.000000,0.000000,465.597426,0.000000,0.000000,89.940058,162.698390,0.094397,712.327250
0.000000,0.000000,462.771749,0.000000,0.000000,88.708364,162.363814,0.113047,710.845187
0.000000,0.000000,464.852070,0.000000,0.000000,88.356373,158.543566,0.101331,712.803878
0.000000,0.000000,463.008529,0.000000,0.000000,86.285930,159.198759,0.116022,713.103477
0.000000,0.000000,463.523397,0.000000,0.000000,87.626392,160.550726,0.103357,714.644493
0.000000,0.000000,463.366467,0.000000,0.000000,87.275113,159.678922,0.111908,718.577557
0.000000,0.000000,462.752139,0.000000,0.000000,85.720774,157.448475,0.132391,716.494558
0.000000,0.000000,462.275986,0.000000,0.000000,86.178747,160.002870,0.089461,711.722033
0.000000,0.000000,499.111707,0.000000,0.000000,93.341725,166.096251,0.118755,747.155137
0.000000,0.000000,465.781798,0.000000,0.000000,93.020014,158.794597,0.115540,716.532121
0.000000,0.000000,464.615734,0.000000,0.000000,87.803464,160.185124,0.113319,714.278921
0.000000,0.000000,471.351396,0.000000,0.000000,89.688158,159.978435,0.118562,717.228712
0.000000,0.000000,489.554545,0.000000,0.000000,85.792790,158.901184,0.139492,738.542657
0.000000,0.000000,468.098968,0.000000,0.000000,86.391047,161.717085,0.290295,730.145357
0.000000,0.000000,476.620359,0.000000,0.000000,88.858080,160.788649,0.086189,730.971710
0.000000,0.000000,462.838962,0.000000,0.000000,88.387830,158.827189,0.084988,713.458424
0.000000,0.000000,490.368803,0.000000,0.000000,85.355007,159.045615,0.120822,742.679510
0.000000,0.000000,459.229309,0.000000,0.000000,86.797102,159.425572,0.090182,706.581681
0.000000,0.000000,483.582633,0.000000,0.000000,85.456663,158.788415,0.118863,734.554568
0.000000,0.000000,482.731589,0.000000,0.000000,86.582084,163.326127,0.119137,734.905680
0.000000,0.000000,462.399910,0.000000,0.000000,87.203665,162.165856,0.125785,712.048817
0.000000,0.000000,469.506605,0.000000,0.000000,1404447761611184146988495497903940287484926308795664035929042787524666099843972959067105926818491235715159835574331113001830635366323938927878652708621386851453514926379306891220667891331166632375592722722305733924254556538306429282545379369782213658396858017219880649755767009225932030322268781454563475456.000000,0.000000,0.000000,716.529795
0.000000,0.000000,464.255216,0.000000,0.000000,0.000000,0.000000,0.000000,712.975994
0.000000,0.000000,463.395718,0.000000,0.000000,1404447761611184146988495497903940287484926308795664035929042787524666099843972959067105926818491235715159835574331113001830635366323938927878652708621386851453514926379306891220667891331166632375592722722305733924254556538306429282545379369782213658396858017219880649755767009225932030322268781454563475456.000000,0.000000,0.000000,710.283437
0.000000,0.000000,472.536549,0.000000,0.000000,0.000000,0.000000,0.000000,725.193630
0.000000,0.000000,466.401407,0.000000,0.000000,1404447761611184146988495497903940287484926308795664035929042787524666099843972959067105926818491235715159835574331113001830635366323938927878652708621386851453514926379306891220667891331166632375592722722305733924254556538306429282545379369782213658396858017219880649755767009225932030322268781454563475456.000000,0.000000,0.000000,718.432898
