#LBA time[ms], KF opt[#], KF fixed[#], MP[#], Edges[#]
0.000000,3,1,0,2211
0.004964,4,1,0,2710
0.135794,5,1,0,3289
0.382007,6,1,0,3809
0.732237,7,1,0,4297
0.687923,8,1,0,4829
1.087726,9,1,0,5344
1.440767,10,1,0,5848
2.012761,11,1,0,6367
1.779937,12,1,0,6854
2.209154,13,1,0,7347
2.371045,14,1,0,7811
2.397765,15,1,0,8257
2.452457,16,1,0,8652
2.917118,17,1,0,8998
3.770142,18,1,0,9314
3.741725,19,1,0,9613
6.074470,20,1,0,9873
4.336455,21,1,0,10110
4.897704,22,1,0,10253
4.911653,23,1,0,10385
5.123848,24,1,0,10540
5.412925,25,1,0,10694
5.430906,26,1,0,10854
5.629837,27,1,0,11019
6.052151,28,1,0,11208
6.258034,29,1,0,11434
6.678651,30,1,0,11697
6.559347,31,1,0,12001
6.863648,32,1,0,12450
6.921888,33,1,0,12879
7.883932,34,1,0,13345
8.328481,35,1,0,13770
8.907133,36,1,0,14212
9.480225,37,1,0,14632
10.980647,38,1,0,15068
10.598577,39,1,0,15492
11.380692,40,1,0,15966
11.974301,41,1,0,16498
13.171396,42,1,0,16960
13.912114,43,1,0,17478
15.134632,44,1,0,17937
15.769881,45,1,0,18300
16.597694,46,1,0,18586
17.145058,47,1,0,18821
18.011495,48,1,0,19063
18.173306,49,1,0,19214
18.714677,50,1,0,19382
19.049837,51,1,0,19568
19.731292,52,1,0,19736
20.382037,53,1,0,19912
22.110243,54,1,0,20184
21.043394,55,1,0,20472
21.865981,56,1,0,20761
22.600556,57,1,0,21074
23.123000,58,1,0,21368
24.772405,59,1,0,21594
25.505216,60,1,0,21922
25.765827,61,1,0,22263
27.455468,62,1,0,22586
27.339795,63,1,0,23007
28.106340,64,1,0,23408
29.894232,65,1,0,23766
30.542679,66,1,0,24242
31.794396,67,1,0,24725
34.139375,68,1,0,25204
33.830115,69,1,0,25667
35.243499,70,1,0,26107
36.245366,71,1,0,26509
37.703682,72,1,0,26863
38.557670,73,1,0,27188
40.698848,74,1,0,27502
41.507315,75,1,0,27806
42.831834,76,1,0,28079
43.176376,77,1,0,28315
44.588305,78,1,0,28547
45.410030,79,1,0,28776
47.069779,80,1,0,28955
47.173913,81,1,0,29116
48.681413,82,1,0,29265
49.801848,83,1,0,29407
49.917058,84,1,0,29559
50.858476,85,1,0,29710
51.265540,86,1,0,29871
51.791129,87,1,0,30042
52.123944,88,1,0,30220
53.839711,89,1,0,30403
53.107122,90,1,0,30609
53.874711,91,1,0,30824
54.957499,92,1,0,31060
56.923387,93,1,0,31407
57.436527,94,1,0,31814
65.682501,95,1,0,32255
74.846327,96,1,0,32720
63.957723,97,1,0,33199
77.027932,98,1,0,33697
64.686770,99,1,0,34170
66.535589,100,1,0,34686
69.164402,101,1,0,35097
72.905503,102,1,0,35512
72.053276,103,1,0,35940
73.430464,104,1,0,36382
77.036728,105,1,0,36805
79.209710,106,1,0,37280
80.897538,107,1,0,37842
82.472052,108,1,0,38222
83.962614,109,1,0,38596
85.194406,110,1,0,39098
88.453997,111,1,0,39474
88.027265,112,1,0,39757
92.492732,113,1,0,39995
90.957045,114,1,0,40266
96.587183,115,1,0,40526
94.589553,116,1,0,40755
92.846550,117,1,0,40980
96.023472,118,1,0,41193
93.651864,119,1,0,41349
95.880350,120,1,0,41470
97.462012,121,1,0,41567
96.453707,122,1,0,41690
96.982758,123,1,0,41862
98.724790,124,1,0,42041
98.042711,125,1,0,42189
98.856270,126,1,0,42372
96.265783,127,1,0,42537
97.533537,128,1,0,42677
96.664571,129,1,0,42775
108.253461,130,1,0,42869
98.865388,131,1,0,43001
102.442305,132,1,0,43173
102.714724,133,1,0,43290
102.893167,134,1,0,43612
102.407615,135,1,0,43996
102.673596,136,1,0,44347
110.519942,137,1,0,44717
105.424165,138,1,0,45053
127.063984,139,1,0,45401
111.063591,140,1,0,45761
121.387143,141,1,0,46127
124.623985,142,1,0,46413
121.710592,143,1,0,46648
153.419807,144,1,0,46856
129.247421,145,1,0,47025
119.032971,146,1,0,47173
145.822442,147,1,0,47305
118.266781,145,4,0,47496
121.932255,143,7,0,47685
116.162314,144,7,0,47873
115.203982,145,7,0,48045
120.445456,146,7,0,48239
121.864852,149,5,0,48418
115.798762,154,1,0,48616
142.190918,155,1,0,48826
130.588246,156,1,0,49114
125.012902,157,1,0,49373
122.336751,158,1,0,49597
117.725213,159,1,0,49828
122.741448,160,1,0,49988
125.023646,161,1,0,50164
125.435194,162,1,0,50460
124.041098,163,1,0,50718
125.855853,164,1,0,50828
128.833340,165,1,0,50924
124.639005,166,1,0,51006
131.378577,167,1,0,51201
121.329896,168,1,0,51392
124.425563,163,7,0,51545
126.083876,163,8,0,51674
132.503243,164,8,0,51821
124.092198,165,8,0,51994
147.411681,173,1,0,52185
135.177598,174,1,0,52377
124.910680,175,1,0,52569
130.253148,176,1,0,52671
129.815358,177,1,0,52829
134.519629,178,1,0,53034
134.851898,179,1,0,53381
134.955728,180,1,0,53835
135.213293,181,1,0,54248
153.340606,182,1,0,54629
137.949949,183,1,0,54917
142.242395,184,1,0,55122
148.635705,185,1,0,55326
140.748362,186,1,0,55550
145.079435,186,2,0,55722
142.209645,177,12,0,55896
141.456095,178,12,0,56101
139.442137,179,12,0,56295
142.130567,180,12,0,56496
139.671109,186,7,0,56687
138.994712,193,1,0,56892
139.667259,194,1,0,57068
161.655651,195,1,0,57357
158.045726,196,1,0,57589
150.881455,197,1,0,57828
193.682180,198,1,0,58083
148.000319,199,1,0,58212
150.812276,200,1,0,58305
150.539860,199,3,0,58368
149.315840,188,15,0,58488
147.830745,189,15,0,58638
142.997850,190,15,0,58792
146.918590,192,14,0,58956
176.655073,206,1,0,59051
147.514337,207,1,0,59171
153.043121,208,1,0,59320
160.221699,209,1,0,59482
158.021120,210,1,0,59757
157.866799,211,1,0,60143
155.557776,212,1,0,60524
156.329599,213,1,0,60874
159.627707,214,1,0,61274
165.114772,215,1,0,61661
164.973137,216,1,0,62017
173.009037,217,1,0,62267
169.642641,218,1,0,62490
169.652434,217,3,0,62677
179.179207,220,1,0,62893
172.163927,221,1,0,63130
199.915520,222,1,0,63410
174.803742,223,1,0,63753
178.799260,224,1,0,64148
170.773160,225,1,0,64543
178.745191,226,1,0,64913
181.629295,227,1,0,65240
180.036082,228,1,0,65523
188.271977,229,1,0,65774
214.955267,230,1,0,66064
185.581098,231,1,0,66334
209.145442,232,1,0,66613
222.229424,233,1,0,66989
186.735565,234,1,0,67375
183.954978,235,1,0,67745
184.389526,236,1,0,68040
185.933825,235,3,0,68261
191.368480,235,4,0,68460
211.300793,233,7,0,68628
185.936858,231,10,0,68802
192.529231,234,8,0,68996
188.228983,242,1,0,69239
207.973692,243,1,0,69520
221.418316,244,1,0,69843
200.285130,245,1,0,70157
197.492583,246,1,0,70466
223.906610,247,1,0,70700
198.461708,248,1,0,70903
238.555321,249,1,0,71052
202.226586,250,1,0,71234
201.270454,251,1,0,71432
200.557366,252,1,0,71658
202.963973,253,1,0,71930
218.686924,254,1,0,72186
207.059469,255,1,0,72508
202.069274,256,1,0,72848
211.449381,257,1,0,73157
205.355323,257,2,0,73393
223.532816,257,3,0,73592
228.246521,256,5,0,73790
233.830110,261,1,0,74026
210.085155,262,1,0,74176
233.783779,263,1,0,74398
224.279882,264,1,0,74691
239.734436,265,1,0,74978
213.493965,266,1,0,75287
242.266478,267,1,0,75598
241.819693,268,1,0,75922
222.136297,269,1,0,76253
220.149546,270,1,0,76575
224.090594,271,1,0,76907
227.125329,272,1,0,77236
221.950958,-1439549696,0,-1289846816,-1353617440
224.155215,21910,0,21910,21910
