#Stereo rect[ms], MP culling[ms], MP creation[ms], LBA[ms], KF culling[ms], Total[ms]
1.940968,0.055312,0.085931,0.000000,0.000000,2.083283
1.830571,0.103304,2.615573,0.004964,0.004964,4.562101
3.123380,0.095654,1.848981,0.135794,0.135794,14.897598
16.456199,0.136590,2.473774,0.382007,0.382007,31.585776
10.412670,0.148816,4.414025,0.732237,0.732237,32.709172
5.445476,0.000134,11.596224,0.687923,0.687923,35.026833
6.811681,0.000148,5.522098,1.087726,1.087726,37.333250
20.297146,0.000124,5.911605,1.440767,1.440767,46.030964
14.297388,0.000573,6.962647,2.012761,2.012761,50.448585
24.754666,0.000251,9.424254,1.779937,1.779937,67.006142
19.413963,0.000395,12.891589,2.209154,2.209154,56.486245
23.899531,0.000235,12.272413,2.371045,2.371045,74.804633
12.252164,0.000254,18.154830,2.397765,2.397765,58.131951
18.747626,0.000212,15.373240,2.452457,2.452457,74.519392
32.722085,0.000359,16.372943,2.917118,2.917118,85.393233
20.611987,0.000379,18.555272,3.770142,3.770142,81.292348
18.148875,0.000684,15.684410,3.741725,3.741725,74.520770
21.223928,0.000229,16.110375,6.074470,6.074470,84.930818
30.142690,0.000231,17.289617,4.336455,4.336455,85.720186
31.412001,0.000231,13.495624,4.897704,4.897704,90.341379
32.773217,0.000241,14.870029,4.911653,4.911653,85.144859
13.265313,0.000314,18.230630,5.123848,5.123848,72.545549
18.265669,0.000232,11.534704,5.412925,5.412925,66.333347
33.158203,0.000240,11.920881,5.430906,5.430906,82.466412
16.205989,0.000195,19.466784,5.629837,5.629837,74.606684
15.691018,0.000430,24.531516,6.052151,6.052151,85.015531
31.333021,0.000329,17.092108,6.258034,6.258034,94.335627
28.625961,0.000397,20.199798,6.678651,6.678651,93.307949
35.184642,0.000177,16.988661,6.559347,6.559347,102.302589
27.917496,0.000397,28.450163,6.863648,6.863648,110.981032
34.396159,0.000274,30.462323,6.921888,6.921888,116.488900
41.113013,0.000233,30.433296,7.883932,7.883932,126.750559
46.755024,0.000720,36.759741,8.328481,8.328481,140.489663
50.430205,0.000289,38.056303,8.907133,8.907133,148.941422
40.758183,0.000275,37.015129,9.480225,9.480225,143.877026
58.886779,0.000372,49.462859,10.980647,10.980647,186.360927
57.375068,0.000266,40.626693,10.598577,10.598577,167.685865
70.454132,0.000253,45.346257,11.380692,11.380692,182.468834
66.312947,0.000471,51.797645,11.974301,11.974301,195.708162
53.561003,0.000186,52.273945,13.171396,13.171396,186.924837
56.914140,0.000319,54.885776,13.912114,13.912114,196.498898
58.027489,0.000260,59.916053,15.134632,15.134632,222.778279
75.713079,0.000197,59.718042,15.769881,15.769881,219.642175
72.882237,0.000195,61.204345,16.597694,16.597694,231.640904
75.920919,0.000227,59.318956,17.145058,17.145058,236.690809
52.223270,0.000568,43.416093,18.011495,18.011495,199.733400
66.861331,0.000189,51.904707,18.173306,18.173306,227.637267
56.759551,0.000277,50.584389,18.714677,18.714677,215.309403
55.057805,0.000310,49.696978,19.049837,19.049837,216.240702
67.006821,0.000273,50.441745,19.731292,19.731292,219.789278
58.880635,0.000241,50.417984,20.382037,20.382037,214.024122
57.828463,0.000196,48.190903,22.110243,22.110243,220.776278
58.738629,0.000394,50.330382,21.043394,21.043394,217.988238
56.540143,0.000305,51.598495,21.865981,21.865981,219.865419
66.520485,0.000382,54.643658,22.600556,22.600556,235.843292
72.725408,0.000207,56.631771,23.123000,23.123000,248.751520
71.675076,0.000195,62.731994,24.772405,24.772405,257.881832
63.941665,0.000196,59.496309,25.505216,25.505216,248.836067
76.000317,0.000194,63.964850,25.765827,25.765827,274.051104
89.996904,0.000255,77.810703,27.455468,27.455468,301.378608
79.792093,0.000472,77.348232,27.339795,27.339795,294.496186
96.083554,0.000199,84.978084,28.106340,28.106340,324.645464
105.278849,0.000273,94.190874,29.894232,29.894232,348.829471
96.252322,0.000404,99.302200,30.542679,30.542679,349.054150
117.281467,0.000753,105.559540,31.794396,31.794396,379.721665
117.597556,0.000314,107.907164,34.139375,34.139375,387.797849
118.168204,0.000325,113.073267,33.830115,33.830115,399.760554
122.291092,0.000238,113.767823,35.243499,35.243499,408.142496
118.350694,0.000212,113.161067,36.245366,36.245366,409.006615
135.863277,0.000220,115.027962,37.703682,37.703682,429.412679
125.306020,0.000213,109.218225,38.557670,38.557670,419.916385
116.549516,0.000444,106.951872,40.698848,40.698848,416.321416
121.743488,0.000190,101.338533,41.507315,41.507315,420.503422
113.818004,0.000380,101.376118,42.831834,42.831834,414.244130
114.836593,0.000258,101.079263,43.176376,43.176376,419.518698
107.288956,0.000271,94.747026,44.588305,44.588305,416.767698
103.650836,0.000349,90.535183,45.410030,45.410030,382.082719
100.706327,0.000265,86.790402,47.069779,47.069779,379.995288
91.829070,0.000189,87.549553,47.173913,47.173913,373.851628
75.059895,0.000274,73.811810,48.681413,48.681413,347.138834
70.552180,0.000275,68.817713,49.801848,49.801848,343.489747
80.604819,0.000282,66.551236,49.917058,49.917058,352.498212
77.785826,0.000198,65.900714,50.858476,50.858476,350.714455
81.204466,0.000310,70.120383,51.265540,51.265540,362.641649
71.244695,0.000288,71.398358,51.791129,51.791129,355.391424
81.655194,0.000466,77.523497,52.123944,52.123944,377.092280
95.672664,0.000175,82.278354,53.839711,53.839711,400.355780
107.081460,0.000243,86.871556,53.107122,53.107122,417.237150
112.965265,0.000342,92.309329,53.874711,53.874711,432.929409
122.477886,0.000241,100.647865,54.957499,54.957499,454.161755
124.297829,0.000203,110.091566,56.923387,56.923387,504.637494
131.297649,0.000190,118.571390,57.436527,57.436527,528.275558
161.582534,0.000268,150.914104,65.682501,65.682501,705.655349
176.068326,0.000307,171.774371,74.846327,74.846327,716.140393
195.034925,0.000439,180.085566,63.957723,63.957723,703.164939
198.260004,0.000201,189.897447,77.027932,77.027932,714.896459
199.618202,0.000191,192.695398,64.686770,64.686770,665.452811
210.636521,0.000368,204.143018,66.535589,66.535589,761.203931
210.909666,0.000208,200.978349,69.164402,69.164402,762.762795
229.520224,0.000192,211.307027,72.905503,72.905503,802.460527
252.445944,0.000314,260.820967,72.053276,72.053276,900.236083
226.297244,0.000266,219.036435,73.430464,73.430464,824.404518
237.318500,0.000311,225.242437,77.036728,77.036728,846.499433
244.435450,0.000404,231.917469,79.209710,79.209710,866.863095
246.697559,0.000312,235.313675,80.897538,80.897538,880.053014
250.619023,0.000178,245.240958,82.472052,82.472052,899.367253
253.066477,0.000256,250.764113,83.962614,83.962614,925.702427
279.783286,0.000245,265.095273,85.194406,85.194406,967.275857
270.473228,0.000356,266.280469,88.453997,88.453997,972.486619
270.544981,0.000288,262.861718,88.027265,88.027265,970.600053
244.535879,0.000391,234.399599,92.492732,92.492732,927.259910
217.475033,0.000297,208.560795,90.957045,90.957045,884.506520
234.871974,0.000274,213.080464,96.587183,96.587183,917.543339
218.437128,0.000284,206.363110,94.589553,94.589553,891.149755
208.371336,0.000320,197.218954,92.846550,92.846550,885.323916
200.771886,0.000273,190.456128,96.023472,96.023472,882.004830
197.907740,0.000321,193.116830,93.651864,93.651864,881.392660
200.372944,0.000312,183.913328,95.880350,95.880350,897.107308
169.669424,0.000290,160.299643,97.462012,97.462012,838.480703
165.156399,0.000188,147.939310,96.453707,96.453707,819.710404
122.757175,0.000235,110.862560,96.982758,96.982758,751.082504
151.975774,0.000434,132.096027,98.724790,98.724790,944.132611
134.644088,0.000252,128.510589,98.042711,98.042711,802.651570
143.292969,0.000282,131.490906,98.856270,98.856270,825.262821
150.387116,0.000187,129.833577,96.265783,96.265783,830.304046
151.393083,0.000185,148.702616,97.533537,97.533537,846.365618
178.485824,0.000225,157.294257,96.664571,96.664571,884.462934
144.798409,0.000317,131.127275,108.253461,108.253461,920.282537
169.738359,0.001070,151.978880,98.865388,98.865388,900.043684
169.305230,0.000297,155.086454,102.442305,102.442305,973.831375
196.739972,0.000301,173.892779,102.714724,102.714724,945.232131
236.056734,0.000413,230.154075,102.893167,102.893167,1051.242121
272.968567,0.000573,271.527874,102.407615,102.407615,1134.646308
299.778048,0.000229,300.554334,102.673596,102.673596,1179.482493
313.031319,0.000374,311.342354,110.519942,110.519942,1229.781104
302.933616,0.000423,290.641065,105.424165,105.424165,1204.360746
338.732219,0.000326,341.150567,127.063984,127.063984,1441.024243
332.311175,0.000517,326.784955,111.063591,111.063591,1299.570288
338.808811,0.000333,344.217141,121.387143,121.387143,1387.830921
353.290772,0.000229,361.653187,124.623985,124.623985,1390.774558
330.520467,0.000226,339.569281,121.710592,121.710592,1416.624076
325.504085,0.000276,334.867713,153.419807,153.419807,1419.839876
276.570530,0.000236,273.678280,129.247421,129.247421,1248.869090
249.427402,0.000298,243.456147,119.032971,119.032971,1187.419506
270.574297,0.000359,248.641269,145.822442,145.822442,1256.593626
232.416672,0.000285,222.174762,118.266781,118.266781,1158.843016
207.824030,0.000572,200.550714,121.932255,121.932255,1134.930821
219.223559,0.000190,207.480474,116.162314,116.162314,1132.389521
225.327178,0.000278,210.375064,115.203982,115.203982,1120.457713
227.724779,0.000240,207.739686,120.445456,120.445456,1132.382889
228.447921,0.000190,206.644334,121.864852,121.864852,1375.316672
227.976675,0.000293,215.322959,115.798762,115.798762,1157.011095
239.345914,0.000274,221.847600,142.190918,142.190918,1232.086524
257.444148,0.000296,242.708618,130.588246,130.588246,1423.898539
283.950754,0.000456,275.512102,125.012902,125.012902,1406.195394
366.471099,0.000195,363.759103,122.336751,122.336751,1513.363545
325.087185,0.000189,334.864485,117.725213,117.725213,1444.122297
302.322424,0.000320,280.895343,122.741448,122.741448,1417.588844
354.028556,0.000188,375.343532,125.023646,125.023646,1548.160285
297.818377,0.000301,284.581085,125.435194,125.435194,1422.671164
382.716180,0.000283,392.738351,124.041098,124.041098,1626.965460
421.491914,0.000249,449.671893,125.855853,125.855853,1719.082736
306.525914,0.000250,305.314585,128.833340,128.833340,1498.370629
266.955708,0.000235,258.119715,124.639005,124.639005,1403.832252
261.233247,0.000321,239.764793,131.378577,131.378577,1392.286275
242.533203,0.000196,227.509172,121.329896,121.329896,1372.299476
235.393991,0.000333,217.275241,124.425563,124.425563,1372.607522
239.160616,0.000330,217.708438,126.083876,126.083876,1383.491761
210.076105,0.000245,195.016092,132.503243,132.503243,1364.308087
184.720713,0.000227,180.682702,124.092198,124.092198,1225.392730
207.078635,0.000530,195.598781,147.411681,147.411681,1271.536821
209.001662,0.000333,202.860902,135.177598,135.177598,1351.972072
261.491025,0.000406,236.401717,124.910680,124.910680,1466.146746
266.782809,0.000291,256.040577,130.253148,130.253148,1503.483031
278.131924,0.000490,260.332119,129.815358,129.815358,1534.657467
237.225398,0.000358,228.618718,134.519629,134.519629,1474.829106
362.103849,0.000391,366.339211,134.851898,134.851898,1710.771679
419.048630,0.000275,410.948948,134.955728,134.955728,1819.202975
661.657891,0.000484,482.287284,135.213293,135.213293,2160.638432
522.013454,0.000214,517.245344,153.340606,153.340606,1890.732111
457.657736,0.000174,481.862068,137.949949,137.949949,1804.776038
503.120054,0.000320,499.438820,142.242395,142.242395,2058.770031
421.190299,0.000205,432.650984,148.635705,148.635705,2043.345095
368.926886,0.000444,375.625965,140.748362,140.748362,1793.465319
360.008250,0.000358,379.836269,145.079435,145.079435,1803.892418
332.052614,0.000290,355.081372,142.209645,142.209645,1762.729763
314.193969,0.000235,308.687834,141.456095,141.456095,1712.265883
294.797720,0.000333,292.064748,139.442137,139.442137,1625.964521
310.477330,0.000262,302.591957,142.130567,142.130567,1640.499438
318.465111,0.000294,306.797944,139.671109,139.671109,1679.117253
325.817747,0.000318,329.931965,138.994712,138.994712,1680.083297
330.503454,0.000353,322.650529,139.667259,139.667259,1747.344230
337.133749,0.000232,372.866597,161.655651,161.655651,1885.847525
386.103396,0.000323,388.827058,158.045726,158.045726,2046.735788
480.279070,0.000189,477.059120,150.881455,150.881455,2155.019755
424.190494,0.000312,446.314814,193.682180,193.682180,2115.402020
579.767586,0.000278,573.888824,148.000319,148.000319,2168.974474
395.040014,0.000314,389.391133,150.812276,150.812276,2035.494020
390.855000,0.000447,406.683540,150.539860,150.539860,2085.895720
312.759329,0.000368,335.737569,149.315840,149.315840,1940.175536
283.799034,0.000266,259.239129,147.830745,147.830745,1892.787544
253.991421,0.000325,230.106652,142.997850,142.997850,1624.103847
251.028585,0.000362,235.660138,146.918590,146.918590,1458.755288
258.252504,0.000285,236.462042,176.655073,176.655073,1453.730007
264.959387,0.000321,248.777290,147.514337,147.514337,1692.155426
307.209954,0.000310,293.064698,153.043121,153.043121,1996.589948
344.622730,0.000177,347.390794,160.221699,160.221699,2052.622386
428.354437,0.000245,422.354226,158.021120,158.021120,2211.574929
479.143919,0.000185,490.362307,157.866799,157.866799,2358.521812
616.979357,0.000363,582.153609,155.557776,155.557776,2341.761093
627.707444,0.000199,600.364330,156.329599,156.329599,2366.650732
623.579593,0.000206,585.263393,159.627707,159.627707,2364.914920
616.346764,0.000270,645.905878,165.114772,165.114772,2431.542589
624.538960,0.000368,595.905749,164.973137,164.973137,2416.086850
620.504666,0.000235,623.504885,173.009037,173.009037,2456.904264
608.051154,0.000345,608.318635,169.642641,169.642641,2441.259892
539.692561,0.000283,537.678149,169.652434,169.652434,2326.710726
416.351979,0.000209,436.991084,179.179207,179.179207,2393.389625
394.557901,0.000270,402.595872,172.163927,172.163927,2332.097079
449.725637,0.000490,448.550411,199.915520,199.915520,2491.745906
536.303834,0.000349,522.729254,174.803742,174.803742,2369.353059
643.746895,0.000210,642.242170,178.799260,178.799260,2890.147993
706.541406,0.000332,705.049940,170.773160,170.773160,2724.347511
729.954052,0.000325,716.047264,178.745191,178.745191,2823.949610
725.772513,0.000281,695.026878,181.629295,181.629295,2761.584386
702.263112,0.000336,684.410344,180.036082,180.036082,2793.817696
692.521481,0.000304,675.940667,188.271977,188.271977,2761.182734
640.837782,0.000489,627.985398,214.955267,214.955267,2749.942319
593.561503,0.000188,581.066079,185.581098,185.581098,2924.943838
650.560124,0.000442,617.684940,209.145442,209.145442,3007.793425
676.030676,0.000420,657.008061,222.229424,222.229424,3138.951737
754.877347,0.000246,725.705875,186.735565,186.735565,2946.638970
750.786761,0.000265,730.751299,183.954978,183.954978,2936.685035
761.276069,0.000190,765.163819,184.389526,184.389526,3007.936496
723.249936,0.000302,695.212686,185.933825,185.933825,2902.969639
613.660678,0.000324,624.220235,191.368480,191.368480,2753.109261
478.153993,0.000340,485.924678,211.300793,211.300793,2482.161429
468.143941,0.000430,510.040578,185.936858,185.936858,2846.005120
456.733226,0.000297,464.673079,192.529231,192.529231,2803.223749
457.392602,0.000196,458.844455,188.228983,188.228983,2377.836308
492.779905,0.000328,485.160649,207.973692,207.973692,2491.105587
561.669394,0.000265,566.198020,221.418316,221.418316,3100.622578
796.679654,0.000392,785.823533,200.285130,200.285130,3581.118980
823.112397,0.000327,803.016437,197.492583,197.492583,3330.542709
762.502060,0.000238,737.193881,223.906610,223.906610,3168.134132
803.973069,0.000346,764.428200,198.461708,198.461708,3291.405597
676.268887,0.000192,657.037749,238.555321,238.555321,3070.137348
598.730378,0.000448,596.125121,202.226586,202.226586,2926.592782
497.471677,0.000198,497.839945,201.270454,201.270454,2738.625567
520.791980,0.000246,516.763908,200.557366,200.557366,2811.832425
515.957748,0.000284,517.354914,202.963973,202.963973,2804.158332
619.426640,0.000223,594.335402,218.686924,218.686924,2985.506738
719.766893,0.000302,699.855282,207.059469,207.059469,3307.112068
806.525608,0.000294,790.978938,202.069274,202.069274,3402.113477
851.949491,0.000270,828.962938,211.449381,211.449381,3517.584664
881.744148,0.000480,856.910330,205.355323,205.355323,3574.801919
776.665339,0.001219,741.593953,223.532816,223.532816,3438.982906
621.119237,0.000189,634.885577,228.246521,228.246521,3113.501780
595.486647,0.000241,584.993488,233.830110,233.830110,3088.587836
592.821640,0.000243,585.899796,210.085155,210.085155,3010.033377
695.040242,0.000243,681.278245,233.783779,233.783779,3704.516143
772.891357,0.000336,773.492036,224.279882,224.279882,3958.432085
908.406684,0.000259,890.578933,239.734436,239.734436,3781.551831
873.756844,0.000225,855.388381,213.493965,213.493965,3784.203855
881.662889,0.000281,860.829736,242.266478,242.266478,3779.709400
897.927115,0.000272,872.215273,241.819693,241.819693,3767.425661
933.731500,0.000255,1097.238836,222.136297,222.136297,4084.309262
960.211099,0.000346,943.783317,220.149546,220.149546,3930.106733
1116.876239,0.000218,973.359100,224.090594,224.090594,4121.176741
973.814265,0.000296,968.316160,227.125329,227.125329,4086.704400
971.639978,0.000278,980.251869,221.950958,221.950958,4016.080960
989.739252,0.000390,999.767971,224.155215,224.155215,4110.936464
