#Image Rect[ms], Image Resize[ms], ORB ext[ms], Stereo match[ms], IMU preint[ms], Pose pred[ms], LM track[ms], KF dec[ms], Total[ms]
0.000000,0.000000,564.716785,0.000000,0.000000,1424.420751,1370.790880,0.399042,567.638040
0.000000,0.000000,495.948798,0.000000,0.000000,1445.869023,36.226020,0.319557,3533.269074
0.000000,0.000000,468.269887,0.000000,0.000000,102.079984,34.875435,0.291981,590.160856
0.000000,0.000000,460.249553,0.000000,0.000000,83.710266,34.907267,0.312749,560.321050
0.000000,0.000000,499.425990,0.000000,0.000000,78.885524,35.901180,0.309887,617.167211
0.000000,0.000000,473.266211,0.000000,0.000000,76.781622,34.398364,0.293099,3271.602023
0.000000,0.000000,469.757673,0.000000,0.000000,79.469849,47.321838,0.320547,1953.475637
0.000000,0.000000,471.635851,0.000000,0.000000,79.735478,33.491412,0.098867,610.403394
0.000000,0.000000,460.729112,0.000000,0.000000,78.535110,32.640581,0.297161,581.022677
0.000000,0.000000,468.075013,0.000000,0.000000,79.835710,32.207471,0.343987,584.488105
0.000000,0.000000,463.406321,0.000000,0.000000,80.360305,33.956509,0.415262,582.001542
0.000000,0.000000,465.897081,0.000000,0.000000,81.768536,34.064272,0.073626,595.022033
0.000000,0.000000,462.563257,0.000000,0.000000,78.440079,32.039633,0.321855,577.424993
0.000000,0.000000,459.396135,0.000000,0.000000,76.078594,38.993815,0.071401,574.005214
0.000000,0.000000,461.223066,0.000000,0.000000,73.768083,30.398747,0.513516,575.147031
0.000000,0.000000,476.270608,0.000000,0.000000,71.850624,28.664031,0.070866,592.691178
0.000000,0.000000,459.547432,0.000000,0.000000,74.300645,29.904364,0.290831,579.026300
0.000000,0.000000,460.834749,0.000000,0.000000,76.001350,30.538178,0.068164,573.010247
0.000000,0.000000,482.218696,0.000000,0.000000,78.527470,33.180118,0.280052,605.025503
0.000000,0.000000,458.161094,0.000000,0.000000,80.573675,42.801380,0.322197,564.224495
0.000000,0.000000,460.051738,0.000000,0.000000,83.374844,33.965555,0.060128,574.031301
0.000000,0.000000,460.152117,0.000000,0.000000,81.729965,38.050585,0.355048,566.110423
0.000000,0.000000,463.371192,0.000000,0.000000,82.494968,30.848937,0.191031,571.604278
0.000000,0.000000,460.647647,0.000000,0.000000,82.093946,30.517852,0.313279,573.991602
0.000000,0.000000,470.613686,0.000000,0.000000,80.173284,28.320122,0.053771,608.507486
0.000000,0.000000,462.286043,0.000000,0.000000,76.346709,27.225927,0.332950,583.116486
0.000000,0.000000,461.926698,0.000000,0.000000,72.310063,25.683178,0.266264,583.280009
0.000000,0.000000,460.318178,0.000000,0.000000,70.583851,30.115128,0.049024,581.002548
0.000000,0.000000,460.185041,0.000000,0.000000,72.855346,29.004188,0.411783,574.269515
0.000000,0.000000,471.100726,0.000000,0.000000,78.905209,32.705337,0.306607,581.173695
0.000000,0.000000,459.706003,0.000000,0.000000,78.480113,27.782905,0.289381,564.752530
0.000000,0.000000,479.464944,0.000000,0.000000,81.429448,32.259114,0.051341,578.852626
0.000000,0.000000,477.248171,0.000000,0.000000,82.856600,27.839821,0.351888,579.353177
0.000000,0.000000,471.398400,0.000000,0.000000,80.554123,30.113141,0.054051,575.026765
0.000000,0.000000,473.390935,0.000000,0.000000,76.802214,27.588990,0.296662,586.581778
0.000000,0.000000,487.943718,0.000000,0.000000,76.132641,28.546846,0.050181,596.255141
0.000000,0.000000,494.341559,0.000000,0.000000,74.794396,33.096649,0.340848,609.698297
0.000000,0.000000,461.676797,0.000000,0.000000,73.270253,27.682465,0.312133,573.898430
0.000000,0.000000,509.064584,0.000000,0.000000,74.056050,27.895642,0.206391,621.314878
0.000000,0.000000,469.125817,0.000000,0.000000,73.286152,28.218144,0.284335,574.998646
0.000000,0.000000,497.440059,0.000000,0.000000,76.536400,31.402738,0.050019,603.512623
0.000000,0.000000,460.529074,0.000000,0.000000,77.828400,38.796417,0.504668,570.655716
0.000000,0.000000,462.761970,0.000000,0.000000,78.504008,35.126950,0.286991,568.385375
0.000000,0.000000,466.294290,0.000000,0.000000,79.258186,34.117477,0.062002,570.258337
0.000000,0.000000,459.736911,0.000000,0.000000,78.994063,35.077402,0.286416,562.831920
0.000000,0.000000,495.027122,0.000000,0.000000,76.279678,31.885002,0.064099,604.363176
0.000000,0.000000,459.275562,0.000000,0.000000,74.877300,33.805423,0.297736,577.911083
0.000000,0.000000,460.881764,0.000000,0.000000,78.028677,32.630897,0.085848,576.281856
0.000000,0.000000,462.352651,0.000000,0.000000,78.530573,30.851794,0.299808,577.185036
0.000000,0.000000,460.290409,0.000000,0.000000,77.280463,30.094068,0.075065,575.938913
0.000000,0.000000,481.111182,0.000000,0.000000,77.633402,31.980688,0.335933,591.013169
0.000000,0.000000,459.728964,0.000000,0.000000,84.777718,35.972566,0.065464,570.013454
0.000000,0.000000,461.772478,0.000000,0.000000,91.886606,38.362214,0.316740,574.081487
0.000000,0.000000,468.573972,0.000000,0.000000,89.448923,35.596770,0.294966,579.629258
0.000000,0.000000,464.509650,0.000000,0.000000,81.198774,38.912388,0.376579,573.727717
0.000000,0.000000,471.994207,0.000000,0.000000,84.432835,44.646324,0.085296,583.587121
0.000000,0.000000,491.436655,0.000000,0.000000,83.934149,34.363818,0.555402,613.831661
0.000000,0.000000,463.121794,0.000000,0.000000,81.231343,49.095860,0.083188,595.026038
0.000000,0.000000,496.451380,0.000000,0.000000,84.743089,36.853426,0.338347,623.424971
0.000000,0.000000,463.495815,0.000000,0.000000,87.611234,35.189479,0.074413,585.620849
0.000000,0.000000,462.133919,0.000000,0.000000,87.426262,38.106630,0.288843,594.154775
0.000000,0.000000,474.304236,0.000000,0.000000,85.820955,49.575597,0.093523,595.295343
0.000000,0.000000,461.671368,0.000000,0.000000,88.757675,45.001293,0.318212,598.339613
0.000000,0.000000,459.731933,0.000000,0.000000,92.289901,42.282413,0.077490,583.133854
0.000000,0.000000,509.214784,0.000000,0.000000,89.230949,39.438967,0.329579,633.581202
0.000000,0.000000,459.833487,0.000000,0.000000,87.779815,40.691658,0.075633,587.087993
0.000000,0.000000,493.706515,0.000000,0.000000,88.226675,48.823470,0.377465,635.584386
0.000000,0.000000,465.913736,0.000000,0.000000,86.106010,37.860169,0.306165,601.494681
0.000000,0.000000,481.909834,0.000000,0.000000,78.252316,43.474304,0.317826,618.170021
0.000000,0.000000,462.130736,0.000000,0.000000,70.089654,42.314169,0.294313,593.276228
0.000000,0.000000,462.351772,0.000000,0.000000,67.243962,43.067283,0.267566,592.906235
0.000000,0.000000,458.915282,0.000000,0.000000,68.667029,41.900870,0.354192,598.091220
0.000000,0.000000,460.685374,0.000000,0.000000,67.724043,40.314211,0.283322,586.581514
0.000000,0.000000,461.969032,0.000000,0.000000,66.688742,39.254735,0.328063,585.761033
0.000000,0.000000,483.979483,0.000000,0.000000,65.115406,35.841414,0.299925,601.114175
0.000000,0.000000,463.301316,0.000000,0.000000,61.438411,32.267137,0.059066,575.691313
0.000000,0.000000,484.160577,0.000000,0.000000,71.163036,43.492869,0.933729,596.857735
0.000000,0.000000,487.199265,0.000000,0.000000,83.054407,47.187761,0.060905,597.044861
0.000000,0.000000,465.141725,0.000000,0.000000,84.996943,35.254597,0.360158,573.254437
0.000000,0.000000,530.094590,0.000000,0.000000,82.097388,35.827508,0.062791,633.582081
0.000000,0.000000,460.212667,0.000000,0.000000,78.477152,35.186496,0.308669,555.608648
0.000000,0.000000,459.316813,0.000000,0.000000,76.642260,35.217099,0.362751,576.480691
0.000000,0.000000,466.065225,0.000000,0.000000,76.369554,36.969591,0.303132,598.140411
0.000000,0.000000,460.315614,0.000000,0.000000,78.682610,35.275825,0.139686,582.783449
0.000000,0.000000,490.793952,0.000000,0.000000,77.221653,50.999361,0.404042,616.188599
0.000000,0.000000,485.633389,0.000000,0.000000,77.516463,47.360177,0.399942,603.243817
0.000000,0.000000,479.902620,0.000000,0.000000,81.647202,43.943170,0.351210,593.986377
0.000000,0.000000,476.360245,0.000000,0.000000,80.353009,42.254897,0.389043,591.685592
0.000000,0.000000,489.299525,0.000000,0.000000,76.739227,45.613543,0.080167,605.194959
0.000000,0.000000,459.039470,0.000000,0.000000,82.332718,54.996714,0.397530,590.940580
0.000000,0.000000,483.795691,0.000000,0.000000,94.241102,47.630267,0.406574,610.827858
0.000000,0.000000,461.416629,0.000000,0.000000,95.164988,45.567151,0.069355,589.451553
0.000000,0.000000,462.639743,0.000000,0.000000,92.240808,42.486348,0.371542,587.549535
0.000000,0.000000,493.631929,0.000000,0.000000,88.905147,39.046719,0.070207,618.971615
0.000000,0.000000,461.417202,0.000000,0.000000,88.324040,37.684356,0.328945,601.013501
0.000000,0.000000,460.510018,0.000000,0.000000,86.924896,36.591583,0.065136,604.643436
0.000000,0.000000,461.604101,0.000000,0.000000,81.944762,34.080586,0.373942,604.182065
0.000000,0.000000,467.003663,0.000000,0.000000,83.114177,35.594967,0.098449,604.029300
0.000000,0.000000,474.565617,0.000000,0.000000,81.115420,35.314175,0.334257,604.331511
0.000000,0.000000,461.587041,0.000000,0.000000,83.113680,34.850465,0.075028,593.098806
0.000000,0.000000,469.297481,0.000000,0.000000,84.079145,36.425865,0.314840,594.794121
0.000000,0.000000,460.231789,0.000000,0.000000,81.926778,35.628838,0.077360,578.593883
0.000000,0.000000,488.330603,0.000000,0.000000,79.443829,35.914682,0.307587,609.088680
0.000000,0.000000,467.875661,0.000000,0.000000,78.331418,32.781912,0.064597,586.528967
0.000000,0.000000,484.629518,0.000000,0.000000,75.908410,38.863958,0.277043,604.757592
0.000000,0.000000,461.819492,0.000000,0.000000,74.733966,32.308516,0.069766,584.559204
0.000000,0.000000,488.570280,0.000000,0.000000,73.852910,36.732658,0.327177,607.892474
0.000000,0.000000,463.402075,0.000000,0.000000,76.794993,45.916169,0.062079,580.805854
0.000000,0.000000,483.703905,0.000000,0.000000,74.760001,36.540576,0.326642,603.691852
0.000000,0.000000,458.392135,0.000000,0.000000,72.927134,34.864684,0.063310,575.268458
0.000000,0.000000,461.585983,0.000000,0.000000,69.337984,32.266128,0.299227,570.825567
0.000000,0.000000,460.059313,0.000000,0.000000,67.439021,33.981075,0.294268,572.779762
0.000000,0.000000,480.166190,0.000000,0.000000,69.651001,31.209985,0.325358,606.545946
0.000000,0.000000,460.009908,0.000000,0.000000,71.455127,30.653863,0.294677,574.102605
0.000000,0.000000,486.060575,0.000000,0.000000,72.172743,29.685594,0.066844,595.731629
0.000000,0.000000,460.569571,0.000000,0.000000,72.147438,26.881531,0.300710,564.197490
0.000000,0.000000,462.698792,0.000000,0.000000,73.189742,26.711155,0.044956,566.710297
0.000000,0.000000,488.422323,0.000000,0.000000,77.525940,27.974320,0.308378,591.737851
0.000000,0.000000,496.240250,0.000000,0.000000,75.406708,25.737195,0.064668,600.669310
0.000000,0.000000,464.498711,0.000000,0.000000,71.103872,25.045974,0.274868,568.320119
0.000000,0.000000,461.617768,0.000000,0.000000,70.580275,25.179658,0.287007,562.978610
0.000000,0.000000,467.927879,0.000000,0.000000,68.439429,24.760348,0.254783,569.503151
0.000000,0.000000,464.741788,0.000000,0.000000,68.669420,32.953384,0.273940,572.300526
0.000000,0.000000,467.146320,0.000000,0.000000,77.782734,30.579374,0.327709,570.129025
0.000000,0.000000,465.040185,0.000000,0.000000,75.432554,26.164560,0.322413,563.157804
0.000000,0.000000,465.812244,0.000000,0.000000,72.019275,29.616539,0.311337,563.508996
0.000000,0.000000,465.884111,0.000000,0.000000,73.794600,29.236755,0.288713,561.056394
0.000000,0.000000,494.683582,0.000000,0.000000,76.519857,28.458426,0.319678,598.433905
0.000000,0.000000,462.210500,0.000000,0.000000,77.629753,30.992789,0.285178,572.673971
0.000000,0.000000,483.097279,0.000000,0.000000,80.644036,29.294754,0.377349,587.103933
0.000000,0.000000,505.372384,0.000000,0.000000,75.977957,28.738319,0.300076,609.010387
0.000000,0.000000,489.820530,0.000000,0.000000,73.318351,29.838620,0.322007,594.906423
0.000000,0.000000,494.470306,0.000000,0.000000,73.722525,34.655280,0.310305,602.044927
0.000000,0.000000,460.182600,0.000000,0.000000,74.569145,39.016187,0.049390,570.914234
0.000000,0.000000,466.902131,0.000000,0.000000,79.004432,35.145121,0.348158,579.332579
0.000000,0.000000,462.175342,0.000000,0.000000,75.055059,34.547276,0.064984,568.914074
0.000000,0.000000,475.523878,0.000000,0.000000,73.100989,36.106134,0.515626,582.776047
0.000000,0.000000,501.589579,0.000000,0.000000,76.800561,35.682643,0.067560,626.300163
0.000000,0.000000,469.536531,0.000000,0.000000,81.065509,33.760386,0.288961,585.175863
0.000000,0.000000,460.451769,0.000000,0.000000,77.491090,36.903593,0.096725,576.918912
0.000000,0.000000,494.980586,0.000000,0.000000,79.431027,36.475845,0.318284,606.656904
0.000000,0.000000,480.837689,0.000000,0.000000,82.262787,46.614491,0.080211,593.796885
0.000000,0.000000,481.976688,0.000000,0.000000,77.527438,34.262741,0.331566,596.941733
0.000000,0.000000,460.267199,0.000000,0.000000,80.502381,45.847718,0.082409,577.404459
0.000000,0.000000,465.139561,0.000000,0.000000,81.814959,40.884323,0.382987,581.855503
0.000000,0.000000,458.657130,0.000000,0.000000,84.676368,57.521481,0.103703,577.241866
0.000000,0.000000,462.191850,0.000000,0.000000,84.073744,35.398187,0.295128,593.353763
0.000000,0.000000,461.382630,0.000000,0.000000,91.738641,49.373523,0.110961,575.676550
0.000000,0.000000,672.272694,0.000000,0.000000,94.309306,44.148767,0.355478,801.285086
0.000000,0.000000,463.910247,0.000000,0.000000,82.858489,42.000917,0.124295,589.700797
0.000000,0.000000,482.420401,0.000000,0.000000,84.049806,47.098967,0.313628,627.227933
0.000000,0.000000,464.288551,0.000000,0.000000,89.534740,47.830882,0.151577,586.089975
0.000000,0.000000,488.762646,0.000000,0.000000,86.884699,58.190881,0.357945,632.457190
0.000000,0.000000,476.963914,0.000000,0.000000,86.842623,38.502921,0.078123,617.918593
0.000000,0.000000,465.699221,0.000000,0.000000,91.927582,40.456712,0.365494,593.104314
0.000000,0.000000,486.101521,0.000000,0.000000,98.129993,43.424540,0.233772,620.286846
0.000000,0.000000,461.831045,0.000000,0.000000,92.871374,40.151995,0.350173,601.765518
0.000000,0.000000,502.190777,0.000000,0.000000,94.269723,41.816810,0.269110,649.986294
0.000000,0.000000,459.991500,0.000000,0.000000,91.874051,45.512369,0.313313,587.514690
0.000000,0.000000,464.444424,0.000000,0.000000,91.025827,48.351225,0.101122,599.530887
0.000000,0.000000,461.733375,0.000000,0.000000,97.213045,45.392578,0.323797,606.169097
0.000000,0.000000,463.316178,0.000000,0.000000,102.352881,45.552409,0.116153,599.864724
0.000000,0.000000,463.011685,0.000000,0.000000,100.274558,40.488349,0.301655,601.969485
0.000000,0.000000,489.927475,0.000000,0.000000,99.455604,49.193841,0.125807,630.156463
0.000000,0.000000,464.761008,0.000000,0.000000,103.784363,43.874595,0.312433,606.652572
0.000000,0.000000,508.812261,0.000000,0.000000,99.181036,41.182205,0.246756,654.544607
0.000000,0.000000,481.420367,0.000000,0.000000,101.723426,40.101618,0.400580,632.465014
0.000000,0.000000,485.319280,0.000000,0.000000,104.947353,42.555574,0.106060,628.700408
0.000000,0.000000,492.884375,0.000000,0.000000,100.822320,42.454027,0.317406,644.414556
0.000000,0.000000,480.475816,0.000000,0.000000,100.679701,43.411455,0.114146,630.749840
0.000000,0.000000,461.571978,0.000000,0.000000,103.106779,49.313750,0.322860,606.956131
0.000000,0.000000,486.886997,0.000000,0.000000,100.322183,53.403514,0.109129,631.537348
0.000000,0.000000,490.192199,0.000000,0.000000,96.356786,47.793452,0.373368,640.440520
0.000000,0.000000,487.040598,0.000000,0.000000,97.859185,49.244558,0.111931,632.920146
0.000000,0.000000,492.154163,0.000000,0.000000,100.579838,44.622238,0.333338,643.045891
0.000000,0.000000,497.951767,0.000000,0.000000,78.761355,37.852597,0.114871,653.008315
0.000000,0.000000,463.695367,0.000000,0.000000,75.552525,36.262120,0.301163,619.964057
0.000000,0.000000,482.953820,0.000000,0.000000,88.720684,58.413030,0.113790,630.489187
0.000000,0.000000,461.466490,0.000000,0.000000,84.202236,37.566401,0.316294,611.279259
0.000000,0.000000,674.304820,0.000000,0.000000,71.969333,41.526643,0.253896,823.062472
0.000000,0.000000,460.580376,0.000000,0.000000,70.039383,33.945429,0.336082,583.737686
0.000000,0.000000,488.595809,0.000000,0.000000,72.301223,43.346341,0.353636,602.989585
0.000000,0.000000,497.855221,0.000000,0.000000,74.692462,37.087621,0.381423,647.653291
0.000000,0.000000,487.426379,0.000000,0.000000,72.561841,39.349414,0.348411,611.890784
0.000000,0.000000,482.837927,0.000000,0.000000,75.217921,38.716619,0.313307,599.688070
0.000000,0.000000,486.162770,0.000000,0.000000,75.380907,37.002946,0.133299,592.745595
0.000000,0.000000,488.225893,0.000000,0.000000,74.724814,40.983083,0.296338,606.848666
0.000000,0.000000,477.212397,0.000000,0.000000,75.399798,49.265605,0.240292,592.273764
0.000000,0.000000,476.200119,0.000000,0.000000,75.108672,38.556825,0.332407,591.416503
0.000000,0.000000,488.901452,0.000000,0.000000,70.845585,51.894702,0.143086,606.433568
0.000000,0.000000,459.102013,0.000000,0.000000,62.737957,32.879613,0.352888,574.889720
0.000000,0.000000,474.258620,0.000000,0.000000,62.419886,35.785162,0.081107,593.277570
0.000000,0.000000,479.608100,0.000000,0.000000,64.614973,37.176965,0.282241,607.302285
0.000000,0.000000,488.070697,0.000000,0.000000,61.431918,45.000451,0.072299,604.381321
0.000000,0.000000,462.248465,0.000000,0.000000,61.080805,43.873822,0.303362,587.746447
0.000000,0.000000,499.016137,0.000000,0.000000,61.303488,44.527588,0.138724,597.247111
0.000000,0.000000,478.367200,0.000000,0.000000,61.172468,38.394302,0.429132,579.213392
0.000000,0.000000,484.972986,0.000000,0.000000,57.118338,32.869800,0.087622,589.614523
0.000000,0.000000,464.427109,0.000000,0.000000,53.213946,30.105052,0.372262,573.172012
0.000000,0.000000,471.918065,0.000000,0.000000,58.514693,34.925548,0.146564,579.348164
0.000000,0.000000,475.187170,0.000000,0.000000,67.144838,32.585254,0.329041,583.735477
0.000000,0.000000,485.547498,0.000000,0.000000,69.773870,34.612918,0.117837,590.084748
0.000000,0.000000,484.687911,0.000000,0.000000,66.831790,32.928863,0.330769,577.304791
0.000000,0.000000,462.273957,0.000000,0.000000,65.929077,41.009261,0.140320,548.535544
0.000000,0.000000,483.208551,0.000000,0.000000,69.511790,34.352058,0.307024,579.649012
0.000000,0.000000,464.200233,0.000000,0.000000,76.557042,40.290446,0.062141,567.568440
0.000000,0.000000,481.995620,0.000000,0.000000,63.825692,36.095476,0.354645,589.319590
0.000000,0.000000,482.604084,0.000000,0.000000,64.200203,41.051413,0.078625,585.371911
0.000000,0.000000,462.581434,0.000000,0.000000,64.253975,37.942733,0.265240,572.552061
0.000000,0.000000,488.460026,0.000000,0.000000,61.470842,39.054279,0.214572,595.505850
0.000000,0.000000,649.534459,0.000000,0.000000,66.936773,44.575131,0.299667,769.320116
0.000000,0.000000,459.642717,0.000000,0.000000,75.541844,50.968297,0.115977,562.332958
0.000000,0.000000,470.628203,0.000000,0.000000,83.604355,52.396855,0.369441,579.194178
0.000000,0.000000,463.192373,0.000000,0.000000,90.336283,48.711360,0.092163,568.194882
0.000000,0.000000,487.491024,0.000000,0.000000,92.276294,46.112048,0.372457,591.262062
0.000000,0.000000,489.153469,0.000000,0.000000,85.295432,54.675180,0.115360,604.165869
0.000000,0.000000,474.220427,0.000000,0.000000,80.676086,60.922881,0.297473,603.611556
0.000000,0.000000,489.596119,0.000000,0.000000,86.965906,55.051333,0.109664,628.680065
0.000000,0.000000,488.631687,0.000000,0.000000,88.133919,58.639726,0.393106,630.593221
0.000000,0.000000,500.351976,0.000000,0.000000,91.392383,44.621681,0.093262,642.004744
0.000000,0.000000,483.978448,0.000000,0.000000,98.634641,43.923674,0.408606,626.771399
0.000000,0.000000,463.730949,0.000000,0.000000,97.874669,50.220949,0.118491,608.149501
0.000000,0.000000,487.977791,0.000000,0.000000,97.105862,49.576733,0.334984,632.829987
0.000000,0.000000,480.525828,0.000000,0.000000,98.576112,64.751109,0.070226,643.901957
0.000000,0.000000,488.007774,0.000000,0.000000,99.409239,43.962192,0.079053,627.200777
0.000000,0.000000,461.907781,0.000000,0.000000,92.608196,41.878814,1.882630,607.706569
0.000000,0.000000,460.857147,0.000000,0.000000,87.679918,44.430925,0.337690,612.463494
0.000000,0.000000,487.052634,0.000000,0.000000,83.612404,47.098631,0.449148,637.099091
0.000000,0.000000,461.803149,0.000000,0.000000,82.077280,40.722963,0.208841,628.156290
0.000000,0.000000,497.590265,0.000000,0.000000,79.254997,40.963195,0.232594,644.073413
0.000000,0.000000,460.991953,0.000000,0.000000,81.321181,39.814305,0.342711,600.055468
0.000000,0.000000,599.506841,0.000000,0.000000,81.389465,40.624967,0.208476,735.750491
0.000000,0.000000,493.013844,0.000000,0.000000,84.300953,38.941250,0.098218,627.022980
0.000000,0.000000,485.622453,0.000000,0.000000,82.459540,37.729024,0.309932,611.771087
0.000000,0.000000,487.336630,0.000000,0.000000,81.173918,53.259360,15.594811,611.507024
0.000000,0.000000,461.602662,0.000000,0.000000,80.622307,44.871072,0.075728,585.995386
0.000000,0.000000,461.693786,0.000000,0.000000,82.207361,40.515965,0.335875,586.622056
0.000000,0.000000,490.713062,0.000000,0.000000,83.551214,60.221420,0.096004,617.465646
0.000000,0.000000,458.703298,0.000000,0.000000,81.336298,40.374097,0.110757,581.773124
0.000000,0.000000,480.076029,0.000000,0.000000,81.827540,40.756688,0.311813,634.727244
0.000000,0.000000,480.966139,0.000000,0.000000,85.420149,42.703435,0.075778,609.347079
0.000000,0.000000,460.382105,0.000000,0.000000,81.024061,42.198247,0.285900,586.011086
0.000000,0.000000,460.584790,0.000000,0.000000,82.307718,43.690380,0.087663,607.477020
0.000000,0.000000,489.272373,0.000000,0.000000,81.475167,39.479376,0.308520,613.889789
0.000000,0.000000,459.512092,0.000000,0.000000,82.116295,41.262832,0.353457,585.062668
0.000000,0.000000,505.628429,0.000000,0.000000,90.417063,55.033598,0.092343,643.233150
0.000000,0.000000,470.340263,0.000000,0.000000,88.257484,44.287660,0.344934,596.294115
0.000000,0.000000,490.125571,0.000000,0.000000,76.855124,35.327480,0.080884,619.632167
0.000000,0.000000,494.857030,0.000000,0.000000,77.819709,39.645173,0.457801,619.282249
0.000000,0.000000,467.346634,0.000000,0.000000,87.621286,40.678072,0.076362,594.256990
0.000000,0.000000,486.621214,0.000000,0.000000,87.919304,40.313480,0.392391,635.554364
0.000000,0.000000,460.309947,0.000000,0.000000,88.770659,40.263426,0.064895,596.236510
0.000000,0.000000,485.525289,0.000000,0.000000,91.809132,39.781329,0.340222,607.405217
0.000000,0.000000,463.634234,0.000000,0.000000,95.571810,41.953222,0.152607,584.613620
0.000000,0.000000,480.014962,0.000000,0.000000,91.732033,39.888606,0.410275,614.532186
0.000000,0.000000,486.014772,0.000000,0.000000,91.930498,55.044484,0.078074,618.001413
0.000000,0.000000,512.543470,0.000000,0.000000,97.633603,40.578384,0.335111,644.340005
0.000000,0.000000,461.643138,0.000000,0.000000,93.975826,39.953052,0.300120,596.211135
0.000000,0.000000,477.913954,0.000000,0.000000,93.276092,41.050787,0.090351,618.816081
0.000000,0.000000,486.986537,0.000000,0.000000,89.067092,36.780383,0.433921,622.449605
0.000000,0.000000,464.157614,0.000000,0.000000,83.040098,37.615174,0.095653,614.090039
0.000000,0.000000,505.738370,0.000000,0.000000,84.632875,38.363300,0.400727,647.477798
0.000000,0.000000,462.346093,0.000000,0.000000,84.847214,38.813483,0.203249,600.035894
0.000000,0.000000,471.221616,0.000000,0.000000,83.698621,36.396627,0.087265,608.524266
0.000000,0.000000,461.443217,0.000000,0.000000,85.291481,39.760851,0.405245,590.895912
0.000000,0.000000,488.020831,0.000000,0.000000,85.685443,45.454987,0.240122,611.686024
0.000000,0.000000,471.842595,0.000000,0.000000,88.732571,45.369267,0.085796,597.902802
0.000000,0.000000,465.094915,0.000000,0.000000,91.636408,40.631338,0.341530,591.904083
0.000000,0.000000,465.140342,0.000000,0.000000,81.491443,41.712092,0.081933,589.099037
0.000000,0.000000,468.744443,0.000000,0.000000,79.127739,39.921768,0.078794,597.617260
0.000000,0.000000,487.093486,0.000000,0.000000,83.774888,44.910119,0.402370,621.635910
0.000000,0.000000,487.735606,0.000000,0.000000,83.491856,39.044169,0.087380,625.447604
0.000000,0.000000,462.226239,0.000000,0.000000,84.044028,40.529783,0.125338,597.627567
0.000000,0.000000,487.805751,0.000000,0.000000,85.539945,39.364917,0.324143,614.044396
0.000000,0.000000,487.475836,0.000000,0.000000,87.819228,39.983846,0.081866,610.411451
0.000000,0.000000,459.479111,0.000000,0.000000,87.030178,46.353133,0.257736,591.386949
0.000000,0.000000,461.304257,0.000000,0.000000,79.382979,43.780021,0.376319,587.066877
0.000000,0.000000,575.607799,0.000000,0.000000,74.774757,47.659587,0.099753,703.473465
0.000000,0.000000,476.245673,0.000000,0.000000,77.063762,45.443043,0.258621,604.217841
0.000000,0.000000,463.502990,0.000000,0.000000,78.809509,42.919857,0.377732,594.488109
0.000000,0.000000,464.034856,0.000000,0.000000,80.531960,45.450382,0.103350,601.010144
0.000000,0.000000,460.494978,0.000000,0.000000,78.311192,47.097151,0.124774,587.939643
0.000000,0.000000,478.439569,0.000000,0.000000,81.363516,53.461849,0.432518,604.039921
0.000000,0.000000,482.921329,0.000000,0.000000,84.921663,53.883405,0.251304,608.982914
0.000000,0.000000,487.581491,0.000000,0.000000,83.275883,50.841262,0.109660,613.003658
0.000000,0.000000,490.875170,0.000000,0.000000,78.970010,46.977036,0.328434,620.259544
0.000000,0.000000,461.968357,0.000000,0.000000,79.615587,41.421734,0.092758,591.345655
0.000000,0.000000,628.798942,0.000000,0.000000,80.573054,46.211414,0.313896,770.345441
0.000000,0.000000,486.118374,0.000000,0.000000,79.666544,40.275055,0.388639,628.453921
0.000000,0.000000,482.170607,0.000000,0.000000,78.400109,45.032507,0.231057,619.873300
0.000000,0.000000,486.482164,0.000000,0.000000,73.837942,40.426591,0.123678,615.842158
0.000000,0.000000,495.546941,0.000000,0.000000,72.147234,43.715460,0.341520,619.761234
0.000000,0.000000,462.873077,0.000000,0.000000,77.160067,49.742070,0.228848,593.451525
0.000000,0.000000,475.230935,0.000000,0.000000,78.209176,44.118897,0.282707,598.561111
0.000000,0.000000,486.639764,0.000000,0.000000,74.130641,39.933954,0.357795,618.923352
0.000000,0.000000,465.694449,0.000000,0.000000,72.987957,41.897749,0.066482,582.947304
0.000000,0.000000,467.909187,0.000000,0.000000,72.271014,40.165477,0.084148,587.145253
0.000000,0.000000,462.123912,0.000000,0.000000,68.402851,36.660528,0.312313,592.935214
0.000000,0.000000,460.026095,0.000000,0.000000,65.798444,60.835688,0.096354,585.972968
0.000000,0.000000,464.602337,0.000000,0.000000,61.386236,46.526220,0.109083,583.423272
0.000000,0.000000,483.654140,0.000000,0.000000,60.072585,35.394537,0.369449,601.470987
0.000000,0.000000,460.568189,0.000000,0.000000,63.656501,40.421008,0.255909,576.750817
0.000000,0.000000,459.351338,0.000000,0.000000,62.384443,47.906710,0.121814,567.827694
0.000000,0.000000,465.468613,0.000000,0.000000,63.786646,42.218247,0.288256,595.367323
0.000000,0.000000,496.280293,0.000000,0.000000,63.079008,41.182820,0.203279,607.556305
0.000000,0.000000,470.227392,0.000000,0.000000,61.165958,35.293429,0.271200,577.072760
0.000000,0.000000,458.572490,0.000000,0.000000,61.675493,33.552927,0.368626,565.965043
0.000000,0.000000,485.679102,0.000000,0.000000,63.517056,37.543278,0.090340,603.957855
0.000000,0.000000,460.134260,0.000000,0.000000,63.659132,55.693682,0.088283,569.191417
0.000000,0.000000,461.130799,0.000000,0.000000,61.748182,39.375180,0.282735,569.000921
0.000000,0.000000,486.697942,0.000000,0.000000,60.962145,39.405676,0.204245,587.264724
0.000000,0.000000,485.286750,0.000000,0.000000,59.616992,32.658431,0.091913,584.193839
0.000000,0.000000,462.264089,0.000000,0.000000,55.166522,42.112593,0.295976,566.678659
0.000000,0.000000,484.456167,0.000000,0.000000,56.562544,34.869639,0.083696,607.352770
0.000000,0.000000,474.476488,0.000000,0.000000,61.825459,31.498894,0.285767,578.656342
0.000000,0.000000,488.443983,0.000000,0.000000,61.520142,45.718084,8.333318,592.819863
0.000000,0.000000,484.948705,0.000000,0.000000,60.841103,33.440547,0.391512,580.776203
0.000000,0.000000,459.534421,0.000000,0.000000,65.973606,48.020540,0.328884,560.127762
0.000000,0.000000,598.959820,0.000000,0.000000,71.589482,35.136480,0.210313,694.313460
0.000000,0.000000,482.917655,0.000000,0.000000,65.275435,33.541641,0.093534,579.759280
0.000000,0.000000,486.007420,0.000000,0.000000,61.709389,37.605412,0.297356,606.196001
0.000000,0.000000,482.527942,0.000000,0.000000,60.346576,36.621117,0.125300,580.637972
0.000000,0.000000,474.273148,0.000000,0.000000,60.359539,37.065422,0.288462,591.791547
0.000000,0.000000,479.206742,0.000000,0.000000,65.957525,36.887767,0.545926,589.812010
0.000000,0.000000,464.348663,0.000000,0.000000,70.870374,37.852558,0.127567,566.602027
0.000000,0.000000,457.769396,0.000000,0.000000,67.851409,40.632668,0.110684,561.216006
0.000000,0.000000,461.669512,0.000000,0.000000,63.143658,34.984848,0.292512,562.110480
0.000000,0.000000,492.079857,0.000000,0.000000,66.624846,40.410995,0.085223,593.872922
0.000000,0.000000,482.213075,0.000000,0.000000,65.579870,38.269096,0.125916,589.200406
0.000000,0.000000,480.209655,0.000000,0.000000,56.348912,49.081802,0.266032,599.822319
0.000000,0.000000,483.859864,0.000000,0.000000,62.872595,54.841730,0.135393,596.046751
0.000000,0.000000,461.769391,0.000000,0.000000,76.422680,51.742143,0.340521,563.583054
0.000000,0.000000,484.353735,0.000000,0.000000,67.764541,43.344635,0.309705,594.922029
0.000000,0.000000,463.373712,0.000000,0.000000,70.336257,46.929329,0.214743,572.468653
0.000000,0.000000,496.843211,0.000000,0.000000,80.469413,47.278971,0.272239,605.628600
0.000000,0.000000,478.691635,0.000000,0.000000,80.212148,48.152048,0.330356,599.731331
0.000000,0.000000,484.425090,0.000000,0.000000,79.372743,51.696128,0.212725,616.663693
0.000000,0.000000,488.555039,0.000000,0.000000,86.205718,56.563776,0.108699,603.092240
0.000000,0.000000,463.409519,0.000000,0.000000,91.372925,45.085867,0.360592,584.390995
0.000000,0.000000,505.183974,0.000000,0.000000,85.414684,56.980416,0.091101,637.409798
0.000000,0.000000,484.347200,0.000000,0.000000,84.728957,44.556939,0.246464,616.511247
0.000000,0.000000,463.107259,0.000000,0.000000,79.431035,38.833289,0.116285,598.106759
0.000000,0.000000,500.830180,0.000000,0.000000,80.272910,46.750445,0.283201,647.187612
0.000000,0.000000,480.918596,0.000000,0.000000,80.650096,38.202721,0.148537,621.466692
0.000000,0.000000,471.003808,0.000000,0.000000,81.557874,40.589718,0.110075,616.903284
0.000000,0.000000,503.012333,0.000000,0.000000,81.181229,38.895355,0.138658,636.143394
0.000000,0.000000,498.393771,0.000000,0.000000,76.114631,50.873948,0.410922,620.337521
0.000000,0.000000,483.410524,0.000000,0.000000,79.496024,42.554602,0.102796,613.969816
0.000000,0.000000,462.291164,0.000000,0.000000,79.968548,49.717323,0.117675,584.729475
0.000000,0.000000,491.149472,0.000000,0.000000,77.488768,40.069474,0.300151,619.065728
0.000000,0.000000,489.476853,0.000000,0.000000,80.547628,43.717110,0.083691,613.100258
0.000000,0.000000,482.549386,0.000000,0.000000,76.704854,43.442725,0.444573,613.646198
0.000000,0.000000,487.557352,0.000000,0.000000,72.940087,47.230971,0.110262,612.949852
0.000000,0.000000,488.245542,0.000000,0.000000,79.045014,44.607403,0.400137,621.611663
0.000000,0.000000,481.705678,0.000000,0.000000,83.213766,57.704023,0.096261,602.895470
0.000000,0.000000,465.601549,0.000000,0.000000,81.600767,41.351202,0.087069,594.209678
0.000000,0.000000,489.739774,0.000000,0.000000,89.550182,46.123715,0.085710,613.979710
0.000000,0.000000,491.240192,0.000000,0.000000,92.614474,46.037153,0.351344,615.051221
0.000000,0.000000,476.535648,0.000000,0.000000,87.452956,47.430858,0.258544,603.821101
0.000000,0.000000,461.142353,0.000000,0.000000,95.061574,52.344864,0.120409,607.089250
0.000000,0.000000,497.373289,0.000000,0.000000,93.253552,42.677322,0.344652,623.565201
0.000000,0.000000,461.794404,0.000000,0.000000,93.201608,48.137806,0.257394,600.878752
0.000000,0.000000,461.316586,0.000000,0.000000,93.126244,45.074993,0.137670,603.454291
0.000000,0.000000,459.635583,0.000000,0.000000,92.030035,44.323896,0.414881,598.362672
0.000000,0.000000,498.882573,0.000000,0.000000,98.909740,51.099314,0.145363,649.975347
0.000000,0.000000,490.085626,0.000000,0.000000,98.319753,49.218166,0.140244,629.550590
0.000000,0.000000,469.394480,0.000000,0.000000,98.660126,45.059253,0.422913,614.865444
0.000000,0.000000,489.017294,0.000000,0.000000,103.061564,53.105921,0.092181,631.427789
0.000000,0.000000,485.424040,0.000000,0.000000,100.820825,47.841414,0.140264,626.764982
0.000000,0.000000,472.147545,0.000000,0.000000,90.525700,39.161685,0.332722,625.903078
0.000000,0.000000,479.805145,0.000000,0.000000,94.476343,40.245247,0.211626,631.243085
0.000000,0.000000,500.056683,0.000000,0.000000,102.223702,42.755337,0.126144,648.019406
0.000000,0.000000,484.487126,0.000000,0.000000,103.072578,43.572430,0.336611,644.669402
0.000000,0.000000,485.973658,0.000000,0.000000,106.612722,44.904749,0.095275,638.884879
0.000000,0.000000,483.566097,0.000000,0.000000,105.791937,46.592987,0.274427,617.153846
0.000000,0.000000,474.787409,0.000000,0.000000,105.496925,44.282637,0.430493,613.294193
0.000000,0.000000,461.709951,0.000000,0.000000,106.156708,43.183336,0.082388,610.924943
0.000000,0.000000,462.582832,0.000000,0.000000,103.009597,41.429182,0.138769,612.900169
0.000000,0.000000,488.845482,0.000000,0.000000,100.710655,47.132828,0.339550,648.757941
0.000000,0.000000,488.869763,0.000000,0.000000,92.947522,39.441190,0.089147,646.138539
0.000000,0.000000,502.541668,0.000000,0.000000,83.916678,55.588716,0.081821,656.217915
0.000000,0.000000,489.176731,0.000000,0.000000,86.693524,42.559972,0.532863,642.345509
0.000000,0.000000,464.817348,0.000000,0.000000,88.428885,38.013225,0.085828,613.811250
0.000000,0.000000,465.238854,0.000000,0.000000,84.070298,43.153727,0.198247,617.811414
0.000000,0.000000,461.481809,0.000000,0.000000,84.672076,40.811275,0.423406,598.094709
0.000000,0.000000,475.992224,0.000000,0.000000,85.680296,43.323570,0.067685,618.896126
0.000000,0.000000,460.537405,0.000000,0.000000,86.396618,59.925914,0.146299,594.050584
0.000000,0.000000,475.991360,0.000000,0.000000,84.921335,47.603090,0.109316,606.467245
0.000000,0.000000,484.233152,0.000000,0.000000,82.652185,49.112137,0.316951,615.299352
0.000000,0.000000,470.081794,0.000000,0.000000,84.019903,43.030517,0.204229,599.722809
0.000000,0.000000,478.409270,0.000000,0.000000,81.501912,45.776390,0.142774,610.752023
0.000000,0.000000,468.869566,0.000000,0.000000,77.488550,45.819008,0.092768,619.447888
0.000000,0.000000,490.160999,0.000000,0.000000,80.193809,40.121480,0.379686,626.857606
0.000000,0.000000,463.287029,0.000000,0.000000,79.048560,38.787468,0.136683,598.770004
0.000000,0.000000,463.549673,0.000000,0.000000,77.651783,40.873936,0.118648,594.294427
0.000000,0.000000,488.127907,0.000000,0.000000,79.672526,42.117480,0.291598,619.402684
0.000000,0.000000,488.277698,0.000000,0.000000,82.631940,47.446866,0.296285,615.795741
0.000000,0.000000,468.250435,0.000000,0.000000,83.493212,50.926642,0.095385,592.250265
0.000000,0.000000,462.540495,0.000000,0.000000,81.671116,48.549730,0.191375,584.295849
0.000000,0.000000,489.034539,0.000000,0.000000,84.739933,61.184559,0.275487,611.528136
0.000000,0.000000,481.313546,0.000000,0.000000,79.676460,45.276048,0.301124,607.628697
0.000000,0.000000,484.029953,0.000000,0.000000,77.367706,44.419672,0.101735,618.309056
0.000000,0.000000,472.584688,0.000000,0.000000,76.069812,45.019209,0.129733,615.231709
0.000000,0.000000,459.640575,0.000000,0.000000,74.396140,47.668690,0.123362,594.456238
0.000000,0.000000,659.198337,0.000000,0.000000,67.999827,43.330703,0.440024,812.256987
0.000000,0.000000,460.551125,0.000000,0.000000,67.750163,43.806432,0.246899,589.074412
0.000000,0.000000,462.641554,0.000000,0.000000,71.982693,44.707761,0.129379,590.045494
0.000000,0.000000,491.105655,0.000000,0.000000,70.340624,40.933977,0.119250,615.914519
0.000000,0.000000,484.380809,0.000000,0.000000,65.923262,36.658837,0.338210,610.290285
0.000000,0.000000,486.453922,0.000000,0.000000,65.572517,37.531586,0.306009,601.621050
0.000000,0.000000,464.050396,0.000000,0.000000,64.104531,35.224869,0.260823,581.135659
0.000000,0.000000,487.997805,0.000000,0.000000,60.115741,38.497908,0.142567,609.855256
0.000000,0.000000,496.569530,0.000000,0.000000,56.196182,33.997904,0.348650,612.966097
0.000000,0.000000,488.177162,0.000000,0.000000,53.909760,47.842622,0.104969,594.602799
0.000000,0.000000,486.983115,0.000000,0.000000,59.602490,35.568311,0.075188,594.178173
0.000000,0.000000,464.232208,0.000000,0.000000,62.317823,32.812169,0.076387,568.512203
0.000000,0.000000,463.659717,0.000000,0.000000,58.972019,34.586484,0.275805,568.609236
0.000000,0.000000,460.629352,0.000000,0.000000,57.877949,31.193859,0.256642,555.495942
0.000000,0.000000,485.600218,0.000000,0.000000,54.885018,33.076574,0.234584,590.611235
0.000000,0.000000,462.529289,0.000000,0.000000,53.112370,30.621186,0.089726,560.914696
0.000000,0.000000,471.518520,0.000000,0.000000,56.141323,33.871035,0.335898,570.663537
0.000000,0.000000,463.823118,0.000000,0.000000,55.505924,27.122258,0.061842,560.769857
0.000000,0.000000,464.256293,0.000000,0.000000,52.008841,29.913172,0.128823,557.197093
0.000000,0.000000,476.646704,0.000000,0.000000,50.866587,33.736675,0.277442,568.251665
0.000000,0.000000,463.844310,0.000000,0.000000,51.953676,29.496373,0.209768,551.153636
0.000000,0.000000,461.148691,0.000000,0.000000,53.229975,38.475437,0.104430,554.848069
0.000000,0.000000,461.595135,0.000000,0.000000,52.968284,26.402256,0.415322,547.445835
0.000000,0.000000,481.213475,0.000000,0.000000,56.271417,33.116316,0.268666,566.724529
0.000000,0.000000,491.333127,0.000000,0.000000,59.434806,35.649763,0.113522,579.433517
0.000000,0.000000,496.551724,0.000000,0.000000,55.875243,42.732816,0.267993,581.633400
0.000000,0.000000,475.456882,0.000000,0.000000,59.495654,36.088885,0.163910,583.607651
0.000000,0.000000,470.359480,0.000000,0.000000,61.292887,38.045583,0.127867,553.350841
0.000000,0.000000,462.794996,0.000000,0.000000,62.920289,36.025591,0.340561,556.148934
0.000000,0.000000,663.989926,0.000000,0.000000,69.814810,38.251012,0.055922,763.676538
0.000000,0.000000,472.369801,0.000000,0.000000,64.116672,46.713280,0.109686,574.755677
0.000000,0.000000,481.554844,0.000000,0.000000,64.009555,37.266799,0.083387,581.035994
0.000000,0.000000,488.923979,0.000000,0.000000,69.760447,38.046378,0.575571,592.958563
0.000000,0.000000,461.968941,0.000000,0.000000,69.026051,50.464310,0.111575,564.638284
0.000000,0.000000,503.703464,0.000000,0.000000,70.805062,41.622944,0.279012,615.133204
0.000000,0.000000,475.083710,0.000000,0.000000,69.975685,43.904133,0.094979,597.418213
0.000000,0.000000,462.044118,0.000000,0.000000,69.715170,43.018610,0.346472,566.840761
0.000000,0.000000,463.646475,0.000000,0.000000,75.207168,49.309571,0.187746,575.952217
0.000000,0.000000,486.182214,0.000000,0.000000,73.701841,45.406303,0.272917,609.528135
0.000000,0.000000,492.039296,0.000000,0.000000,71.857201,48.948916,0.270588,608.420745
0.000000,0.000000,484.221996,0.000000,0.000000,74.592348,46.210475,0.322726,602.306946
0.000000,0.000000,459.619670,0.000000,0.000000,80.328727,50.644274,0.111959,576.120596
0.000000,0.000000,459.770630,0.000000,0.000000,81.379041,44.863485,0.114737,591.236967
0.000000,0.000000,505.941725,0.000000,0.000000,80.084635,39.841958,0.198109,629.858971
0.000000,0.000000,478.602574,0.000000,0.000000,79.027341,40.649344,0.380772,605.273089
0.000000,0.000000,483.998452,0.000000,0.000000,80.936959,42.556727,0.104401,608.698899
0.000000,0.000000,530.968028,0.000000,0.000000,83.778976,42.289973,0.160559,667.168034
0.000000,0.000000,495.397965,0.000000,0.000000,82.461550,42.150855,0.313570,625.471805
0.000000,0.000000,494.343069,0.000000,0.000000,78.581172,37.717407,0.303505,619.414942
0.000000,0.000000,464.039346,0.000000,0.000000,76.970827,49.580260,0.087555,589.472680
0.000000,0.000000,460.379577,0.000000,0.000000,78.896663,56.513616,0.080699,587.592325
0.000000,0.000000,484.270919,0.000000,0.000000,74.808489,38.983128,0.117924,614.322319
0.000000,0.000000,477.290998,0.000000,0.000000,72.042754,42.292859,0.425162,606.424938
0.000000,0.000000,487.061439,0.000000,0.000000,73.580153,44.489508,0.207714,608.296072
0.000000,0.000000,461.319735,0.000000,0.000000,76.692018,45.561627,0.082902,593.654334
0.000000,0.000000,486.641741,0.000000,0.000000,75.710687,41.062575,0.093369,625.883740
0.000000,0.000000,463.141532,0.000000,0.000000,77.866977,37.966942,0.294597,580.871400
0.000000,0.000000,486.831355,0.000000,0.000000,78.699578,43.218757,0.076514,606.025062
0.000000,0.000000,464.709965,0.000000,0.000000,74.905167,36.568627,0.089001,587.040276
0.000000,0.000000,507.332602,0.000000,0.000000,79.356818,43.425087,0.106958,633.643608
0.000000,0.000000,463.439654,0.000000,0.000000,79.869552,35.693919,0.292548,583.957164
0.000000,0.000000,460.802561,0.000000,0.000000,78.914851,39.937096,0.111816,581.271565
0.000000,0.000000,497.868649,0.000000,0.000000,82.541762,53.074670,0.469578,623.509325
0.000000,0.000000,464.203657,0.000000,0.000000,78.467965,43.117517,0.114642,580.225630
0.000000,0.000000,487.412068,0.000000,0.000000,78.357404,43.267099,0.324403,614.251121
0.000000,0.000000,499.820923,0.000000,0.000000,83.679383,42.886902,0.083965,619.481840
0.000000,0.000000,463.271740,0.000000,0.000000,84.128782,54.580982,0.461875,585.730768
0.000000,0.000000,497.809964,0.000000,0.000000,84.241240,50.941547,0.116870,638.109348
0.000000,0.000000,471.488055,0.000000,0.000000,78.522845,39.111407,0.553031,597.425807
0.000000,0.000000,501.672316,0.000000,0.000000,77.531174,49.287157,0.188087,627.528781
0.000000,0.000000,494.060374,0.000000,0.000000,77.807245,53.815298,0.127341,625.724217
0.000000,0.000000,475.771650,0.000000,0.000000,75.780978,45.476612,0.123045,618.845625
0.000000,0.000000,667.088989,0.000000,0.000000,71.393001,38.548687,0.295493,808.445554
0.000000,0.000000,475.298022,0.000000,0.000000,70.036075,35.939409,0.093815,597.318592
0.000000,0.000000,487.281275,0.000000,0.000000,72.050786,41.947478,0.206560,618.029467
0.000000,0.000000,498.294597,0.000000,0.000000,68.968066,46.405997,0.131937,633.978947
0.000000,0.000000,479.112623,0.000000,0.000000,67.688743,39.390167,0.311975,604.731043
0.000000,0.000000,460.229842,0.000000,0.000000,69.657682,40.056019,0.077775,574.505915
0.000000,0.000000,461.220474,0.000000,0.000000,71.579361,39.981587,0.132693,573.393780
0.000000,0.000000,475.855870,0.000000,0.000000,75.793623,38.225368,0.119279,595.041981
0.000000,0.000000,486.697264,0.000000,0.000000,77.816094,36.950934,0.118117,607.061043
0.000000,0.000000,496.346433,0.000000,0.000000,77.107876,41.568739,0.330152,607.465604
0.000000,0.000000,477.721753,0.000000,0.000000,72.448555,38.457809,0.071721,599.574727
0.000000,0.000000,469.423128,0.000000,0.000000,73.373012,39.074721,0.144350,585.155822
0.000000,0.000000,463.335981,0.000000,0.000000,74.926215,50.283427,0.124794,581.622852
0.000000,0.000000,476.146979,0.000000,0.000000,68.288293,35.884532,0.290529,594.941306
0.000000,0.000000,459.399274,0.000000,0.000000,65.768814,39.719763,0.095792,581.850746
0.000000,0.000000,477.991069,0.000000,0.000000,73.495047,40.025958,0.135557,602.030819
0.000000,0.000000,483.978527,0.000000,0.000000,75.971103,39.492491,0.131684,601.341340
0.000000,0.000000,490.144905,0.000000,0.000000,71.958119,52.307620,0.078912,619.973264
0.000000,0.000000,459.919473,0.000000,0.000000,73.661103,42.903707,0.407423,567.872383
0.000000,0.000000,471.361319,0.000000,0.000000,78.916619,54.887448,0.077180,581.054390
0.000000,0.000000,490.568372,0.000000,0.000000,78.841855,43.255180,0.262188,609.048187
0.000000,0.000000,486.856662,0.000000,0.000000,76.758695,44.955464,0.086970,606.615946
0.000000,0.000000,463.410240,0.000000,0.000000,80.905308,40.503290,0.295407,604.830393
0.000000,0.000000,484.454247,0.000000,0.000000,78.650017,44.885947,0.114551,605.022425
0.000000,0.000000,465.086080,0.000000,0.000000,78.940638,40.770439,0.215968,602.570748
0.000000,0.000000,493.100275,0.000000,0.000000,80.301641,43.746823,0.292718,619.368810
0.000000,0.000000,491.302134,0.000000,0.000000,83.588226,55.172803,0.115644,617.976478
0.000000,0.000000,493.354189,0.000000,0.000000,87.219440,42.940828,1.835870,618.555469
0.000000,0.000000,465.414313,0.000000,0.000000,87.696329,42.667212,0.236935,592.815763
0.000000,0.000000,497.847342,0.000000,0.000000,83.490495,44.239458,0.262710,621.831829
0.000000,0.000000,462.570088,0.000000,0.000000,83.195884,43.073380,0.083498,592.263728
0.000000,0.000000,492.416284,0.000000,0.000000,79.426415,51.753994,0.083049,635.278367
0.000000,0.000000,491.067306,0.000000,0.000000,79.492564,38.779890,0.324719,626.835522
0.000000,0.000000,486.580420,0.000000,0.000000,81.414536,38.182394,0.084964,620.903378
0.000000,0.000000,488.570607,0.000000,0.000000,81.815826,41.822584,0.082910,620.740222
0.000000,0.000000,481.345851,0.000000,0.000000,84.632706,38.586457,0.086947,611.969640
0.000000,0.000000,462.584327,0.000000,0.000000,81.348377,39.660289,0.087236,597.817573
0.000000,0.000000,462.750247,0.000000,0.000000,81.331017,40.784843,0.348147,584.897872
0.000000,0.000000,478.807823,0.000000,0.000000,76.444202,37.045086,0.074055,602.176538
0.000000,0.000000,468.888236,0.000000,0.000000,73.210671,38.873055,0.099699,595.986009
0.000000,0.000000,463.601893,0.000000,0.000000,74.637250,39.213709,0.098392,590.762273
0.000000,0.000000,464.962182,0.000000,0.000000,70.504908,36.078500,0.082666,590.122113
0.000000,0.000000,463.313821,0.000000,0.000000,70.363634,41.865395,0.304872,589.724516
0.000000,0.000000,467.841367,0.000000,0.000000,72.277546,55.632988,0.098990,584.940358
0.000000,0.000000,469.860092,0.000000,0.000000,67.705931,38.046361,0.122623,586.313705
0.000000,0.000000,461.252245,0.000000,0.000000,64.483620,40.061812,0.266033,579.332676
0.000000,0.000000,461.778472,0.000000,0.000000,69.642578,41.049975,0.085665,572.046532
0.000000,0.000000,460.789870,0.000000,0.000000,75.429740,38.969770,0.295607,577.006153
0.000000,0.000000,486.782423,0.000000,0.000000,74.766327,44.917092,0.093936,619.629336
0.000000,0.000000,474.695804,0.000000,0.000000,73.903402,41.773775,0.215946,584.265274
0.000000,0.000000,461.442491,0.000000,0.000000,79.617553,67.912115,0.123510,571.155889
0.000000,0.000000,464.273501,0.000000,0.000000,77.995101,43.197589,0.126872,579.115322
0.000000,0.000000,490.917828,0.000000,0.000000,78.601421,45.057014,0.317161,609.349240
0.000000,0.000000,460.846625,0.000000,0.000000,78.279981,56.876198,0.107663,588.208325
0.000000,0.000000,481.089401,0.000000,0.000000,71.072018,38.075536,0.084930,600.881810
0.000000,0.000000,489.502036,0.000000,0.000000,76.818290,49.155570,0.114346,642.213237
0.000000,0.000000,480.463396,0.000000,0.000000,86.981145,43.460886,0.228054,606.712596
0.000000,0.000000,658.854485,0.000000,0.000000,88.942494,43.574959,0.418574,787.201041
0.000000,0.000000,462.040975,0.000000,0.000000,87.779777,42.668587,0.062949,603.039767
0.000000,0.000000,491.066556,0.000000,0.000000,83.634751,55.939411,0.102237,604.362115
0.000000,0.000000,497.979871,0.000000,0.000000,78.560095,41.305712,0.274201,628.405048
0.000000,0.000000,482.032700,0.000000,0.000000,75.667477,40.669914,0.083934,617.434969
0.000000,0.000000,470.100554,0.000000,0.000000,76.184228,42.563121,0.488282,608.483058
0.000000,0.000000,463.892979,0.000000,0.000000,74.549180,40.938519,0.084562,598.504415
0.000000,0.000000,487.628287,0.000000,0.000000,75.697618,41.767471,0.080976,631.605883
0.000000,0.000000,482.577974,0.000000,0.000000,76.315580,39.946350,0.087566,606.849936
0.000000,0.000000,486.979130,0.000000,0.000000,72.334209,40.368121,0.115374,607.276631
0.000000,0.000000,483.430456,0.000000,0.000000,75.373644,42.165275,0.071171,607.065889
0.000000,0.000000,461.974267,0.000000,0.000000,72.854067,41.814232,0.276344,581.950695
0.000000,0.000000,460.928205,0.000000,0.000000,68.222528,40.199259,0.081521,582.562152
0.000000,0.000000,461.151886,0.000000,0.000000,66.228451,42.172105,0.101617,581.325014
0.000000,0.000000,462.633178,0.000000,0.000000,67.286560,41.782583,0.267224,580.261843
0.000000,0.000000,461.603017,0.000000,0.000000,67.901671,43.730224,0.278231,582.804565
0.000000,0.000000,469.896926,0.000000,0.000000,72.702324,48.298426,0.087929,589.362099
0.000000,0.000000,498.740617,0.000000,0.000000,74.365029,39.875830,0.322036,610.750463
0.000000,0.000000,460.508141,0.000000,0.000000,76.155627,40.471996,0.200442,572.835738
0.000000,0.000000,477.617928,0.000000,0.000000,73.676462,38.194192,0.088406,590.982083
0.000000,0.000000,463.438551,0.000000,0.000000,72.203874,42.322005,0.094100,580.129323
0.000000,0.000000,499.056783,0.000000,0.000000,76.075039,42.354822,0.092303,624.184114
0.000000,0.000000,458.157385,0.000000,0.000000,74.275309,49.023086,0.341404,576.444472
0.000000,0.000000,485.264200,0.000000,0.000000,74.257054,52.613006,0.082511,606.060696
0.000000,0.000000,465.834629,0.000000,0.000000,77.610931,41.400397,0.078635,581.643859
0.000000,0.000000,461.016850,0.000000,0.000000,81.347965,40.927103,0.082788,580.523166
0.000000,0.000000,463.451136,0.000000,0.000000,81.875777,40.105780,0.096591,586.885423
0.000000,0.000000,461.240871,0.000000,0.000000,78.499294,41.274827,0.299761,588.929559
0.000000,0.000000,489.400518,0.000000,0.000000,81.511737,44.289736,0.091845,620.589613
0.000000,0.000000,478.525591,0.000000,0.000000,77.981388,50.705547,0.094470,602.200152
0.000000,0.000000,478.215434,0.000000,0.000000,76.322965,41.430619,0.099714,604.379650
0.000000,0.000000,462.706540,0.000000,0.000000,80.708346,41.873944,0.307438,588.606116
0.000000,0.000000,461.176578,0.000000,0.000000,80.392206,41.532525,0.378849,586.237735
0.000000,0.000000,495.838277,0.000000,0.000000,79.166257,50.321968,0.112747,625.852559
0.000000,0.000000,478.577049,0.000000,0.000000,79.519056,39.826637,0.072872,612.599190
0.000000,0.000000,462.303536,0.000000,0.000000,78.889498,41.330061,0.116508,584.101327
0.000000,0.000000,464.605562,0.000000,0.000000,78.143856,40.548422,0.093998,591.739045
0.000000,0.000000,489.879315,0.000000,0.000000,74.509291,37.512138,0.461231,616.709957
0.000000,0.000000,480.632105,0.000000,0.000000,73.578751,37.933156,0.221310,614.460470
0.000000,0.000000,458.936604,0.000000,0.000000,72.569463,44.621520,0.148212,582.299830
0.000000,0.000000,461.388627,0.000000,0.000000,74.034891,38.361354,0.123652,585.952428
0.000000,0.000000,462.218512,0.000000,0.000000,71.135431,38.422574,0.357357,584.737215
0.000000,0.000000,461.363349,0.000000,0.000000,69.643290,38.135603,0.306138,578.636977
0.000000,0.000000,474.837607,0.000000,0.000000,75.396718,37.517789,0.176069,590.952565
0.000000,0.000000,467.553563,0.000000,0.000000,74.506208,42.900120,0.067135,588.906523
0.000000,0.000000,461.997314,0.000000,0.000000,73.611981,36.291914,0.089497,578.797180
0.000000,0.000000,582.515028,0.000000,0.000000,65.931019,34.419588,0.141120,699.030976
0.000000,0.000000,486.538036,0.000000,0.000000,66.758802,36.932562,0.308633,598.505378
0.000000,0.000000,479.687800,0.000000,0.000000,76.573765,39.302049,0.059572,596.856358
0.000000,0.000000,486.938108,0.000000,0.000000,76.617880,40.674511,0.105428,608.784472
0.000000,0.000000,460.886281,0.000000,0.000000,74.458826,49.663694,0.111061,575.835281
0.000000,0.000000,463.103290,0.000000,0.000000,74.558087,35.622016,0.094376,567.527742
0.000000,0.000000,468.796334,0.000000,0.000000,73.078666,37.876526,0.307091,576.568300
0.000000,0.000000,462.349433,0.000000,0.000000,73.391181,41.655902,0.085429,583.272242
0.000000,0.000000,459.159139,0.000000,0.000000,73.184060,54.728141,0.115579,580.991312
0.000000,0.000000,488.060445,0.000000,0.000000,74.749571,39.962185,0.118293,616.081574
0.000000,0.000000,477.861203,0.000000,0.000000,72.306936,42.377525,0.090401,592.560655
0.000000,0.000000,463.545413,0.000000,0.000000,75.307087,37.901504,0.356487,579.602092
0.000000,0.000000,460.893769,0.000000,0.000000,76.032540,50.405662,0.062539,583.156526
0.000000,0.000000,463.126758,0.000000,0.000000,76.022242,49.266276,0.111958,596.176422
0.000000,0.000000,647.879172,0.000000,0.000000,71.989515,36.380233,0.148756,767.301177
0.000000,0.000000,463.352808,0.000000,0.000000,71.660317,36.380571,0.279236,581.923585
0.000000,0.000000,459.523753,0.000000,0.000000,67.655195,33.898223,0.063363,577.040721
0.000000,0.000000,488.897738,0.000000,0.000000,67.230364,37.875044,0.281293,619.670508
0.000000,0.000000,486.868403,0.000000,0.000000,72.546485,41.324911,0.122109,616.180791
0.000000,0.000000,483.132740,0.000000,0.000000,73.876614,46.647968,0.100160,595.789634
0.000000,0.000000,478.871697,0.000000,0.000000,71.430434,42.021595,0.325447,591.191035
0.000000,0.000000,468.997461,0.000000,0.000000,72.604349,44.397049,0.079572,574.763485
0.000000,0.000000,489.711456,0.000000,0.000000,75.043717,47.553554,0.124317,605.216279
0.000000,0.000000,486.083233,0.000000,0.000000,73.726430,57.165634,0.147626,604.429690
0.000000,0.000000,490.414596,0.000000,0.000000,76.750659,42.966503,0.130334,615.524684
0.000000,0.000000,480.066456,0.000000,0.000000,79.828089,54.355531,0.361204,597.965898
0.000000,0.000000,486.965340,0.000000,0.000000,82.223967,47.809051,0.098890,608.433293
0.000000,0.000000,490.743938,0.000000,0.000000,84.389001,42.486920,0.246918,617.873009
0.000000,0.000000,476.145623,0.000000,0.000000,87.251516,58.096059,0.089247,611.465539
0.000000,0.000000,476.696964,0.000000,0.000000,86.188568,43.228796,0.118083,600.652971
0.000000,0.000000,462.142128,0.000000,0.000000,83.373439,52.065627,0.106216,600.569279
0.000000,0.000000,461.616941,0.000000,0.000000,82.508960,42.992568,0.357718,595.838661
0.000000,0.000000,489.006361,0.000000,0.000000,84.402880,43.785674,0.088588,621.002261
0.000000,0.000000,487.346008,0.000000,0.000000,85.974608,43.719870,0.214808,637.010238
0.000000,0.000000,474.644983,0.000000,0.000000,83.446251,42.363612,0.270053,608.996638
0.000000,0.000000,515.499271,0.000000,0.000000,76.748161,44.360462,0.271506,655.533223
0.000000,0.000000,499.391644,0.000000,0.000000,70.902401,37.372585,0.095229,629.680354
0.000000,0.000000,461.833734,0.000000,0.000000,68.342666,39.236117,0.405890,595.810047
0.000000,0.000000,488.223805,0.000000,0.000000,74.374091,48.149226,0.129542,622.629161
0.000000,0.000000,486.317339,0.000000,0.000000,80.854604,38.400500,0.078592,616.813264
0.000000,0.000000,489.080900,0.000000,0.000000,75.382786,42.133766,0.271163,614.934502
0.000000,0.000000,478.871240,0.000000,0.000000,77.847253,41.246173,0.261921,591.540581
0.000000,0.000000,463.551296,0.000000,0.000000,82.358287,45.999343,0.203120,575.647641
0.000000,0.000000,462.553350,0.000000,0.000000,77.515592,40.408322,0.355519,589.406071
0.000000,0.000000,494.460719,0.000000,0.000000,74.475774,40.006465,0.090774,617.933177
0.000000,0.000000,494.097693,0.000000,0.000000,78.774653,48.167489,0.126310,616.514147
0.000000,0.000000,475.680783,0.000000,0.000000,75.888858,40.952786,0.119207,600.204029
0.000000,0.000000,494.091870,0.000000,0.000000,68.893383,41.983083,0.131172,627.466068
0.000000,0.000000,486.894185,0.000000,0.000000,64.756406,47.218318,0.101426,609.718025
0.000000,0.000000,465.510403,0.000000,0.000000,68.678139,40.260898,0.289000,584.276412
0.000000,0.000000,460.308440,0.000000,0.000000,67.506747,40.970773,0.072092,592.308025
0.000000,0.000000,488.992337,0.000000,0.000000,68.144947,41.934634,0.082606,610.591915
0.000000,0.000000,494.456893,0.000000,0.000000,70.324217,39.606537,0.089707,610.084942
0.000000,0.000000,489.278920,0.000000,0.000000,74.058013,43.093432,0.273126,607.315104
0.000000,0.000000,483.767705,0.000000,0.000000,76.570702,39.427175,0.094915,597.466570
0.000000,0.000000,463.448698,0.000000,0.000000,73.229236,38.422389,0.397968,576.091569
0.000000,0.000000,491.279282,0.000000,0.000000,74.936583,46.491961,0.091605,606.034981
0.000000,0.000000,483.377566,0.000000,0.000000,73.840176,37.242314,0.136188,597.505037
0.000000,0.000000,488.014936,0.000000,0.000000,75.897500,40.354128,0.136348,610.467702
0.000000,0.000000,463.547576,0.000000,0.000000,72.747488,36.841916,0.259707,584.523904
0.000000,0.000000,461.184295,0.000000,0.000000,64.113955,47.477967,0.340120,581.614625
0.000000,0.000000,486.338870,0.000000,0.000000,62.305940,41.254879,0.070492,612.078606
0.000000,0.000000,485.358581,0.000000,0.000000,67.161672,37.171212,0.174760,601.177812
0.000000,0.000000,480.933924,0.000000,0.000000,78.789005,40.303624,0.127090,601.733300
0.000000,0.000000,498.794693,0.000000,0.000000,84.865599,38.413616,0.093792,612.998301
0.000000,0.000000,488.327314,0.000000,0.000000,82.849913,44.421827,0.385534,604.167876
0.000000,0.000000,462.538586,0.000000,0.000000,84.372288,40.415350,0.227755,570.434024
0.000000,0.000000,487.150877,0.000000,0.000000,81.935544,38.407523,0.126578,597.182658
0.000000,0.000000,490.116659,0.000000,0.000000,82.477548,38.207658,0.101331,613.892323
0.000000,0.000000,469.088295,0.000000,0.000000,86.835332,49.902254,0.110517,596.679808
0.000000,0.000000,461.272229,0.000000,0.000000,77.689585,38.629383,0.336064,593.036924
0.000000,0.000000,472.430525,0.000000,0.000000,66.822630,48.141102,0.203416,602.094339
0.000000,0.000000,465.177564,0.000000,0.000000,71.331772,52.365467,0.130010,590.267298
0.000000,0.000000,478.418830,0.000000,0.000000,72.290781,36.215900,0.131766,603.787119
0.000000,0.000000,470.952880,0.000000,0.000000,64.835354,39.172166,0.302110,611.904925
0.000000,0.000000,461.081207,0.000000,0.000000,72.036325,41.394503,0.296805,581.729579
0.000000,0.000000,484.554142,0.000000,0.000000,76.182982,48.508255,0.212503,611.399042
0.000000,0.000000,474.358590,0.000000,0.000000,66.426446,38.056026,0.095816,602.536271
0.000000,0.000000,483.813619,0.000000,0.000000,68.770685,43.598319,0.086292,597.239375
0.000000,0.000000,489.315298,0.000000,0.000000,72.781140,39.293936,0.084374,598.554492
0.000000,0.000000,483.552117,0.000000,0.000000,70.610196,40.192255,0.074119,602.008652
0.000000,0.000000,460.956680,0.000000,0.000000,68.375668,41.654912,0.336240,590.224200
0.000000,0.000000,471.302622,0.000000,0.000000,71.616607,44.271178,0.099840,579.734790
0.000000,0.000000,460.422827,0.000000,0.000000,71.796832,42.529450,0.120527,577.012125
0.000000,0.000000,462.655560,0.000000,0.000000,73.543346,42.920086,0.124026,580.037514
0.000000,0.000000,460.444315,0.000000,0.000000,72.280269,41.966729,0.095939,579.511031
0.000000,0.000000,459.318875,0.000000,0.000000,72.033980,41.543839,0.081195,573.631465
0.000000,0.000000,489.692673,0.000000,0.000000,72.858010,42.058972,0.321374,609.769266
0.000000,0.000000,489.969463,0.000000,0.000000,70.503361,52.004174,0.192688,608.532748
0.000000,0.000000,492.857418,0.000000,0.000000,71.512656,43.454135,0.081495,614.181674
0.000000,0.000000,479.658705,0.000000,0.000000,73.453838,45.593848,0.188444,598.573266
0.000000,0.000000,460.465659,0.000000,0.000000,75.788115,43.148402,0.277664,578.082789
0.000000,0.000000,474.003336,0.000000,0.000000,77.101054,43.188420,0.265049,593.240095
0.000000,0.000000,463.883309,0.000000,0.000000,75.577625,40.872034,0.376642,590.736107
0.000000,0.000000,506.105410,0.000000,0.000000,76.340639,41.155673,0.097636,625.256752
0.000000,0.000000,474.501256,0.000000,0.000000,78.711035,45.438234,0.112186,598.661057
0.000000,0.000000,502.350261,0.000000,0.000000,78.120268,42.522236,0.155861,626.993654
0.000000,0.000000,482.300267,0.000000,0.000000,78.836900,42.317500,0.139074,607.695477
0.000000,0.000000,486.951485,0.000000,0.000000,82.615905,46.537749,0.190344,608.156184
0.000000,0.000000,488.423933,0.000000,0.000000,83.281041,41.908481,0.375136,610.286240
0.000000,0.000000,490.041961,0.000000,0.000000,79.861135,51.786462,0.106514,618.774379
0.000000,0.000000,489.898934,0.000000,0.000000,76.550269,42.753437,0.089563,615.509151
0.000000,0.000000,489.108506,0.000000,0.000000,78.449849,44.872367,0.101071,615.618473
0.000000,0.000000,464.961113,0.000000,0.000000,84.037580,45.879440,0.119636,599.431024
0.000000,0.000000,487.505420,0.000000,0.000000,75.058529,39.134579,0.257914,617.669079
0.000000,0.000000,472.876423,0.000000,0.000000,76.606418,39.293299,0.316474,609.029777
0.000000,0.000000,476.589812,0.000000,0.000000,79.939733,46.077104,0.095848,600.044936
0.000000,0.000000,483.908947,0.000000,0.000000,75.208656,49.148164,0.112739,611.549418
0.000000,0.000000,680.803131,0.000000,0.000000,72.691776,42.780252,0.327693,816.196854
0.000000,0.000000,491.745029,0.000000,0.000000,71.439777,39.928954,0.135992,610.709270
0.000000,0.000000,460.712636,0.000000,0.000000,72.787890,39.810661,0.133987,581.775931
0.000000,0.000000,462.311189,0.000000,0.000000,73.833909,38.135627,0.340206,593.345357
0.000000,0.000000,461.520537,0.000000,0.000000,75.123201,37.893615,0.076841,590.364093
0.000000,0.000000,496.293321,0.000000,0.000000,72.185167,37.291000,0.087513,617.873557
0.000000,0.000000,462.976543,0.000000,0.000000,72.891284,38.170131,0.092275,579.731715
0.000000,0.000000,485.269544,0.000000,0.000000,74.027993,42.972108,0.092117,602.763781
0.000000,0.000000,489.594540,0.000000,0.000000,74.018684,37.281235,0.086424,606.517987
0.000000,0.000000,491.615801,0.000000,0.000000,72.595715,37.154238,0.311284,609.262930
0.000000,0.000000,460.244386,0.000000,0.000000,72.128314,37.648573,0.074489,575.318188
0.000000,0.000000,461.282657,0.000000,0.000000,70.573041,37.205323,0.068832,576.567054
0.000000,0.000000,461.143321,0.000000,0.000000,69.182956,36.586809,0.169897,582.870961
0.000000,0.000000,467.844641,0.000000,0.000000,67.975069,36.715549,0.092555,584.161898
0.000000,0.000000,459.390796,0.000000,0.000000,66.578066,41.663148,0.118003,573.477211
0.000000,0.000000,488.055939,0.000000,0.000000,71.032117,40.485216,0.316564,602.496970
0.000000,0.000000,487.686823,0.000000,0.000000,75.307778,40.881101,0.219367,599.824186
0.000000,0.000000,462.087016,0.000000,0.000000,71.920205,37.925109,0.134290,572.167002
0.000000,0.000000,474.959336,0.000000,0.000000,72.185184,42.136403,0.124659,584.472846
0.000000,0.000000,465.867363,0.000000,0.000000,72.082534,42.116779,0.112480,580.575321
0.000000,0.000000,482.451552,0.000000,0.000000,70.067434,39.867052,0.309507,598.332827
0.000000,0.000000,462.450135,0.000000,0.000000,67.001572,40.266683,0.115576,583.542460
0.000000,0.000000,460.133090,0.000000,0.000000,71.545458,59.925295,0.113316,574.793320
0.000000,0.000000,613.733198,0.000000,0.000000,76.385212,45.966076,0.091017,735.051831
0.000000,0.000000,488.187550,0.000000,0.000000,76.485169,41.079206,0.094466,607.175733
0.000000,0.000000,482.312554,0.000000,0.000000,75.707588,42.810530,0.094973,598.236673
0.000000,0.000000,461.059345,0.000000,0.000000,77.577925,40.958460,0.075553,572.624326
0.000000,0.000000,496.824617,0.000000,0.000000,79.771286,40.130679,0.307717,633.472404
0.000000,0.000000,467.512566,0.000000,0.000000,80.480465,52.415541,0.096054,595.017041
0.000000,0.000000,461.624902,0.000000,0.000000,78.112479,43.706353,0.112920,584.002295
0.000000,0.000000,460.835415,0.000000,0.000000,74.861847,47.607780,0.268236,584.098565
0.000000,0.000000,464.888750,0.000000,0.000000,71.445208,51.805079,0.105675,591.663877
0.000000,0.000000,461.276614,0.000000,0.000000,68.378277,40.866355,0.250423,585.506332
0.000000,0.000000,480.635139,0.000000,0.000000,67.383702,44.829286,0.089767,617.815112
0.000000,0.000000,479.248720,0.000000,0.000000,71.429318,51.824333,0.352293,605.223932
0.000000,0.000000,508.132026,0.000000,0.000000,74.820730,45.265557,0.100120,635.930168
0.000000,0.000000,477.865283,0.000000,0.000000,74.166034,43.915417,0.222343,607.850323
0.000000,0.000000,464.055409,0.000000,0.000000,75.443403,41.938691,0.241977,578.035883
0.000000,0.000000,461.804022,0.000000,0.000000,76.748558,41.054829,0.263295,578.360745
0.000000,0.000000,459.501078,0.000000,0.000000,75.632701,45.677920,0.130109,588.332228
0.000000,0.000000,461.546638,0.000000,0.000000,74.677419,47.243529,0.095379,586.033920
0.000000,0.000000,482.669010,0.000000,0.000000,73.929420,42.112152,0.338894,605.402966
0.000000,0.000000,491.674042,0.000000,0.000000,82.843643,47.803043,0.077511,614.095380
0.000000,0.000000,462.728560,0.000000,0.000000,85.873470,48.596897,0.261334,586.608730
0.000000,0.000000,488.586731,0.000000,0.000000,82.397361,55.521733,0.090477,615.612497
0.000000,0.000000,470.727204,0.000000,0.000000,80.267303,43.664981,0.092111,597.490465
0.000000,0.000000,476.602513,0.000000,0.000000,83.064956,43.147105,0.078127,597.793514
0.000000,0.000000,673.662395,0.000000,0.000000,80.326892,40.785956,0.300625,811.155529
0.000000,0.000000,675.063824,0.000000,0.000000,80.079471,45.238444,0.206162,815.767907
0.000000,0.000000,515.132423,0.000000,0.000000,90.037321,49.843743,0.103479,658.101638
0.000000,0.000000,465.154812,0.000000,0.000000,92.874544,42.115141,0.225173,593.376767
0.000000,0.000000,463.407986,0.000000,0.000000,86.017439,43.054033,0.132521,595.045971
0.000000,0.000000,458.565356,0.000000,0.000000,88.200111,46.568598,0.311117,584.362457
0.000000,0.000000,490.180801,0.000000,0.000000,86.714312,44.553147,0.090628,620.159476
0.000000,0.000000,462.865343,0.000000,0.000000,92.984109,48.137669,0.386283,608.750677
0.000000,0.000000,461.246056,0.000000,0.000000,92.049052,57.349057,0.085229,601.033654
0.000000,0.000000,465.434125,0.000000,0.000000,85.073350,41.835258,0.072108,600.109766
0.000000,0.000000,466.820044,0.000000,0.000000,82.504514,43.530709,0.085730,609.152083
0.000000,0.000000,484.108401,0.000000,0.000000,84.975799,44.677179,0.109783,620.566053
0.000000,0.000000,682.401453,0.000000,0.000000,89.327280,43.043810,0.093543,828.892600
0.000000,0.000000,491.258183,0.000000,0.000000,83.734882,38.937472,0.086261,645.286953
0.000000,0.000000,472.563810,0.000000,0.000000,84.405603,41.737656,0.361529,603.694456
0.000000,0.000000,461.248697,0.000000,0.000000,89.310254,47.905590,0.211542,591.754246
0.000000,0.000000,461.985720,0.000000,0.000000,84.117532,41.528718,0.338393,596.780766
0.000000,0.000000,464.695213,0.000000,0.000000,82.098478,43.453890,0.104750,601.445795
0.000000,0.000000,463.103299,0.000000,0.000000,86.323454,49.520310,0.284778,592.299313
0.000000,0.000000,461.552894,0.000000,0.000000,86.808885,49.425219,0.090288,592.182504
0.000000,0.000000,480.290103,0.000000,0.000000,86.900065,54.769334,0.116299,622.332581
0.000000,0.000000,487.670482,0.000000,0.000000,88.180100,43.938117,0.357168,618.134022
0.000000,0.000000,463.776007,0.000000,0.000000,85.612595,42.212614,0.078978,593.566257
0.000000,0.000000,467.449997,0.000000,0.000000,84.547439,41.908148,0.110260,608.340306
0.000000,0.000000,469.897301,0.000000,0.000000,84.982509,41.234725,0.079734,610.472747
0.000000,0.000000,490.775523,0.000000,0.000000,83.672297,56.486441,0.094744,637.590457
0.000000,0.000000,482.028886,0.000000,0.000000,83.962628,41.228252,0.090520,618.882124
0.000000,0.000000,476.227423,0.000000,0.000000,85.667891,44.912790,0.107745,608.827090
0.000000,0.000000,459.461156,0.000000,0.000000,86.931317,42.549482,0.327968,590.739801
0.000000,0.000000,461.378633,0.000000,0.000000,85.664328,55.507770,0.091952,592.052979
0.000000,0.000000,461.875757,0.000000,0.000000,81.896751,54.400872,0.250219,606.592215
0.000000,0.000000,464.342860,0.000000,0.000000,81.168465,44.415954,0.084645,593.927644
0.000000,0.000000,471.364517,0.000000,0.000000,84.592292,44.064803,0.081469,607.136184
0.000000,0.000000,459.423921,0.000000,0.000000,85.840480,43.077267,0.115887,593.391401
0.000000,0.000000,462.123384,0.000000,0.000000,85.832888,44.644013,0.084608,608.026318
0.000000,0.000000,485.178036,0.000000,0.000000,87.295200,41.584352,0.470634,626.400016
0.000000,0.000000,461.183066,0.000000,0.000000,87.937571,53.461436,0.196018,591.103504
0.000000,0.000000,460.136288,0.000000,0.000000,85.671261,43.759126,0.230292,593.474309
0.000000,0.000000,461.400396,0.000000,0.000000,88.376979,42.612796,0.222785,594.781905
0.000000,0.000000,474.337713,0.000000,0.000000,87.330234,45.065931,0.115012,610.076795
0.000000,0.000000,461.709162,0.000000,0.000000,86.363688,52.698695,0.125633,595.333494
0.000000,0.000000,490.860629,0.000000,0.000000,85.667042,43.202742,0.081322,644.279965
0.000000,0.000000,484.986520,0.000000,0.000000,85.270000,45.934787,0.372917,619.271724
0.000000,0.000000,497.594387,0.000000,0.000000,87.952032,46.907042,0.182613,637.167680
0.000000,0.000000,463.992629,0.000000,0.000000,84.280373,41.857186,0.093092,601.095906
0.000000,0.000000,495.818924,0.000000,0.000000,84.781095,44.436623,0.069975,640.770685
0.000000,0.000000,489.390003,0.000000,0.000000,92.020757,45.964108,0.082537,623.069490
0.000000,0.000000,472.281115,0.000000,0.000000,90.907512,42.240989,0.124175,608.033599
0.000000,0.000000,504.080336,0.000000,0.000000,87.163976,44.768958,0.089145,644.112192
0.000000,0.000000,479.797512,0.000000,0.000000,89.624025,42.815877,0.411111,610.269547
0.000000,0.000000,489.814704,0.000000,0.000000,86.210714,45.347667,0.091080,623.350543
0.000000,0.000000,463.338411,0.000000,0.000000,86.902407,46.590347,0.093932,605.757017
0.000000,0.000000,462.025398,0.000000,0.000000,87.724692,43.656589,0.226548,599.945410
0.000000,0.000000,462.348836,0.000000,0.000000,85.525712,44.238369,0.084350,599.806079
0.000000,0.000000,459.746987,0.000000,0.000000,83.525453,44.398922,0.135290,597.389128
0.000000,0.000000,488.300306,0.000000,0.000000,84.095804,52.280363,0.258238,628.263661
0.000000,0.000000,486.316144,0.000000,0.000000,84.142911,53.964584,0.391311,624.351302
0.000000,0.000000,490.713355,0.000000,0.000000,85.827972,45.462301,0.085057,627.718090
0.000000,0.000000,484.787013,0.000000,0.000000,85.499893,48.919658,0.219325,621.605099
0.000000,0.000000,511.069418,0.000000,0.000000,0.000000,0.000000,0.000000,645.456403
0.000000,0.000000,502.201738,0.000000,0.000000,0.000000,0.000000,0.000000,643.885189
0.000000,0.000000,484.573487,0.000000,0.000000,0.000000,0.000000,0.000000,627.650597
0.000000,0.000000,494.549490,0.000000,0.000000,0.000000,0.000000,0.000000,630.727858
0.000000,0.000000,488.408957,0.000000,0.000000,0.000000,0.000000,0.000000,628.569282
