# ground truth trajectory
# timestamp tx ty tz qx qy qz qw
1548339380.76065 -0.89797 -2.44532 1.34013 0.152137 -0.0467548 0.239317 -0.957808
1548339380.79388 -0.89701 -2.44438 1.34214 0.146836 -0.0443037 0.240121 -0.95855
1548339380.82755 -0.89562 -2.44379 1.34447 0.151855 -0.0429676 0.237004 -0.958605
1548339380.86069 -0.893969 -2.44282 1.34654 0.153956 -0.0410176 0.235614 -0.958698
1548339380.89395 -0.892055 -2.44218 1.34889 0.153624 -0.0395183 0.23327 -0.959387
1548339380.92739 -0.889925 -2.44156 1.35146 0.153456 -0.0376932 0.231712 -0.959865
1548339380.96071 -0.887555 -2.44079 1.35373 0.1553 -0.0380973 0.229684 -0.96004
1548339380.99414 -0.885192 -2.43975 1.35625 0.153654 -0.037874 0.228397 -0.96062
1548339381.02750 -0.882754 -2.43785 1.35882 0.155085 -0.0379675 0.227161 -0.96068
1548339381.06088 -0.880171 -2.43615 1.36169 0.15745 -0.0328597 0.228281 -0.960217
1548339381.09412 -0.877578 -2.43367 1.36401 0.159547 -0.0350101 0.226309 -0.960262
1548339381.12763 -0.874882 -2.43095 1.36671 0.160573 -0.0342234 0.225778 -0.960245
1548339381.16096 -0.871656 -2.42838 1.3694 0.163761 -0.0317849 0.225621 -0.959827
1548339381.19411 -0.868204 -2.42596 1.37171 0.162917 -0.0336165 0.223629 -0.960374
1548339381.22763 -0.865065 -2.42377 1.37404 0.163377 -0.0347499 0.221085 -0.960844
1548339381.26076 -0.861598 -2.42267 1.37649 0.163905 -0.0325753 0.221553 -0.960723
1548339381.29416 -0.858415 -2.4212 1.37839 0.162368 -0.0358685 0.220422 -0.961127
1548339381.32757 -0.85548 -2.42005 1.38048 0.1635 -0.0325808 0.220282 -0.961084
1548339381.36081 -0.852799 -2.4189 1.38205 0.161966 -0.0345406 0.220549 -0.961214
1548339381.39368 -0.850653 -2.41783 1.38356 0.162087 -0.0354231 0.222494 -0.960713
1548339381.42743 -0.848707 -2.41666 1.38528 0.163856 -0.0306861 0.222029 -0.960683
1548339381.46070 -0.846697 -2.41571 1.38708 0.164094 -0.030016 0.223037 -0.960431
1548339381.49390 -0.844671 -2.41452 1.38878 0.163107 -0.0311389 0.22438 -0.96025
1548339381.52743 -0.842141 -2.41317 1.39089 0.163094 -0.0305072 0.22379 -0.96041
1548339381.56052 -0.839291 -2.41197 1.39336 0.164265 -0.0281338 0.222813 -0.96051
1548339381.59396 -0.83581 -2.41117 1.39595 0.166655 -0.0279449 0.223462 -0.959953
1548339381.62741 -0.832226 -2.41017 1.39861 0.165171 -0.0282186 0.221727 -0.960604
1548339381.66071 -0.827754 -2.40903 1.4015 0.16716 -0.027495 0.220008 -0.960676
1548339381.69385 -0.822913 -2.40757 1.40416 0.166068 -0.0284032 0.216905 -0.961544
1548339381.72760 -0.818061 -2.4057 1.40688 0.167517 -0.0266701 0.212516 -0.962322
1548339381.76046 -0.812969 -2.40366 1.4091 0.169618 -0.0238898 0.209928 -0.962595
1548339381.79397 -0.807638 -2.40148 1.41079 0.169191 -0.0237271 0.205283 -0.963675
1548339381.82755 -0.801931 -2.39984 1.41218 0.170337 -0.0220334 0.203221 -0.963951
1548339381.86086 -0.79602 -2.39823 1.4131 0.170881 -0.0200687 0.200393 -0.964489
1548339381.89417 -0.789867 -2.39665 1.41382 0.170368 -0.0178289 0.193905 -0.965949
1548339381.92765 -0.783917 -2.39511 1.41409 0.16852 -0.0170602 0.189812 -0.9671
1548339381.96101 -0.777789 -2.39369 1.4141 0.167059 -0.0161297 0.185722 -0.968162
1548339381.99395 -0.771569 -2.3922 1.41385 0.166356 -0.0144788 0.179759 -0.969434
1548339382.02738 -0.765537 -2.39041 1.41315 0.164031 -0.0126039 0.173882 -0.970927
1548339382.06090 -0.759817 -2.38869 1.41247 0.155508 -0.0117613 0.170277 -0.972977
1548339382.09406 -0.754525 -2.38563 1.4108 0.16053 -0.00956482 0.165925 -0.972938
1548339382.12767 -0.750131 -2.38234 1.40881 0.142116 0.00105518 0.174196 -0.974401
1548339382.16089 -0.745698 -2.37951 1.40695 0.141487 0.0025584 0.170267 -0.975184
1548339382.19380 -0.741918 -2.37629 1.40479 0.140544 0.00576887 0.167326 -0.975816
1548339382.22732 -0.738367 -2.37314 1.40207 0.14039 0.00755578 0.165842 -0.976079
1548339382.26065 -0.735059 -2.37008 1.39873 0.140027 0.00837437 0.165117 -0.976247
1548339382.29393 -0.731919 -2.36675 1.39518 0.139567 0.00931311 0.162925 -0.976673
1548339382.32723 -0.727881 -2.36455 1.39233 0.150598 0.000758353 0.147852 -0.977476
1548339382.36071 -0.725186 -2.36016 1.38774 0.137311 0.00819605 0.157032 -0.977967
1548339382.39387 -0.72164 -2.35751 1.38402 0.134233 0.00766373 0.150562 -0.979415
1548339382.42733 -0.718555 -2.35481 1.38053 0.128853 0.0059438 0.146544 -0.980758
1548339382.46076 -0.715945 -2.3524 1.37615 0.13018 0.00478186 0.143985 -0.980968
1548339382.49390 -0.713697 -2.35014 1.37197 0.147325 -0.00320983 0.128884 -0.98065
1548339382.52740 -0.712449 -2.3469 1.36765 0.146012 -0.00208274 0.124466 -0.98142
1548339382.56054 -0.712303 -2.34288 1.36338 0.148571 -0.00149495 0.119852 -0.981611
1548339382.59411 -0.712617 -2.33958 1.35939 0.144879 0.000898771 0.118232 -0.98236
1548339382.62767 -0.714031 -2.33692 1.35501 0.149167 -0.00069282 0.115493 -0.982044
1548339382.66101 -0.714648 -2.33479 1.35015 0.143935 0.00396401 0.109414 -0.983512
1548339382.69406 -0.715655 -2.33348 1.3456 0.143572 0.00419551 0.106268 -0.983909
1548339382.72756 -0.716607 -2.3326 1.34148 0.141052 0.00363089 0.100012 -0.984931
1548339382.76086 -0.717615 -2.33244 1.3375 0.137867 0.00486758 0.0953476 -0.985839
1548339382.79412 -0.718756 -2.33245 1.33366 0.137582 0.00176972 0.0917779 -0.986228
1548339382.82753 -0.72066 -2.33271 1.33175 0.127103 0.00221419 0.0882573 -0.987953
1548339382.86080 -0.722611 -2.33207 1.33026 0.129225 0.0032219 0.0836389 -0.988076
1548339382.89424 -0.724901 -2.33112 1.32994 0.130077 0.00203982 0.0803561 -0.98824
1548339382.92752 -0.727598 -2.32952 1.33104 0.128512 0.00515058 0.0813767 -0.98835
1548339382.96096 -0.730488 -2.3276 1.33365 0.13095 0.00686807 0.073349 -0.988648
1548339382.99400 -0.733342 -2.32561 1.33689 0.13253 0.0089108 0.0702726 -0.988645
1548339383.02744 -0.735789 -2.32335 1.34081 0.134352 0.00856581 0.0701125 -0.988413
1548339383.06078 -0.738363 -2.32088 1.34591 0.134218 0.0135711 0.0648534 -0.988734
1548339383.09392 -0.740878 -2.31792 1.35112 0.138093 0.0168969 0.0602444 -0.988441
1548339383.12741 -0.743176 -2.31494 1.35643 0.143405 0.015457 0.0584201 -0.987818
1548339383.16070 -0.745514 -2.3118 1.3624 0.144406 0.0200392 0.0527409 -0.987909
1548339383.19383 -0.74722 -2.30813 1.36794 0.1497 0.0213245 0.046872 -0.98739
1548339383.22732 -0.748972 -2.30487 1.37352 0.151794 0.0218009 0.0438533 -0.987198
1548339383.26050 -0.750241 -2.3017 1.3786 0.15174 0.022905 0.0389699 -0.987386
1548339383.29379 -0.750827 -2.29957 1.38368 0.145117 0.0275965 0.0367315 -0.988347
1548339383.32746 -0.752557 -2.29545 1.3867 0.150202 0.0265496 0.0282416 -0.987895
1548339383.36055 -0.75295 -2.29272 1.39004 0.14936 0.0281054 0.0246121 -0.988077
1548339383.39448 -0.7529 -2.28953 1.39288 0.150731 0.0287337 0.0180649 -0.987992
1548339383.42767 -0.752683 -2.28672 1.39577 0.148198 0.0297829 0.0152882 -0.988391
1548339383.46078 -0.751928 -2.28363 1.39855 0.147852 0.0289952 0.0157081 -0.98846
1548339383.49418 -0.750966 -2.28001 1.4015 0.146983 0.0286512 0.0106685 -0.988666
1548339383.52764 -0.750064 -2.27595 1.40469 0.146186 0.0289686 0.00605855 -0.988814
1548339383.56065 -0.749084 -2.27143 1.40741 0.150114 0.0260004 0.0042783 -0.988318
1548339383.59407 -0.74855 -2.26704 1.41087 0.150026 0.0260552 0.00315017 -0.988334
1548339383.62738 -0.748427 -2.26296 1.41498 0.146123 0.0293518 -6.45915e-06 -0.988831
1548339383.66098 -0.748273 -2.25892 1.41878 0.147187 0.030553 -0.000561728 -0.988637
1548339383.69418 -0.747598 -2.25527 1.42259 0.150621 0.0299353 0.00129618 -0.988137
1548339383.72750 -0.746877 -2.25166 1.42706 0.151129 0.0322926 0.000943089 -0.987986
1548339383.76077 -0.745854 -2.24848 1.43221 0.14809 0.035714 0.00197893 -0.988327
1548339383.79395 -0.74418 -2.24493 1.43708 0.150208 0.0361417 0.00431182 -0.987984
1548339383.82727 -0.741997 -2.24082 1.44184 0.153796 0.0369035 0.00212303 -0.987411
1548339383.86047 -0.739647 -2.23632 1.44644 0.158153 0.0373747 0.00124798 -0.986706
1548339383.89398 -0.737221 -2.23215 1.45095 0.160194 0.0385282 0.00405553 -0.986325
1548339383.92740 -0.734838 -2.22805 1.45521 0.157688 0.0418928 0.00625785 -0.98658
1548339383.96058 -0.731947 -2.22328 1.45798 0.162508 0.0416345 0.00372946 -0.985821
1548339383.99394 -0.72909 -2.21919 1.46034 0.161349 0.0428901 0.00662158 -0.985943
1548339384.02722 -0.72601 -2.21504 1.46161 0.161582 0.0430709 0.00933592 -0.985875
1548339384.06076 -0.722806 -2.21075 1.46197 0.163722 0.0426205 0.00914897 -0.985543
1548339384.09412 -0.719771 -2.20713 1.46168 0.162183 0.0430282 0.00963229 -0.985775
1548339384.12745 -0.716883 -2.2042 1.46066 0.161132 0.0420014 0.0127037 -0.985957
1548339384.16081 -0.714265 -2.20088 1.45901 0.160043 0.0410689 0.0162364 -0.986122
1548339384.19416 -0.712114 -2.19718 1.45663 0.166332 0.0377428 0.0184667 -0.985174
1548339384.22766 -0.710754 -2.19494 1.45507 0.160168 0.0386227 0.0241959 -0.986037
1548339384.26086 -0.709434 -2.19196 1.45251 0.163498 0.0358583 0.0288871 -0.985469
1548339384.29416 -0.708477 -2.19012 1.45024 0.159226 0.0359692 0.0316284 -0.98608
1548339384.32763 -0.707892 -2.18847 1.44758 0.158808 0.0345609 0.0378734 -0.985977
1548339384.36085 -0.707156 -2.18715 1.4446 0.159522 0.0315312 0.0431808 -0.985745
1548339384.39411 -0.70644 -2.18592 1.44139 0.1612 0.0284119 0.0460448 -0.985438
1548339384.42740 -0.705755 -2.18517 1.43816 0.160126 0.0264537 0.0492287 -0.985513
1548339384.46085 -0.705047 -2.18482 1.43473 0.158705 0.0242097 0.0533186 -0.985588
1548339384.49382 -0.704189 -2.18466 1.43103 0.156973 0.0222681 0.0563581 -0.985742
1548339384.52759 -0.703699 -2.18507 1.42759 0.149418 0.0221607 0.0610735 -0.986637
1548339384.56074 -0.702235 -2.18434 1.42267 0.153105 0.0168872 0.0627502 -0.986071
1548339384.59380 -0.700799 -2.1843 1.4181 0.151863 0.0147516 0.0635566 -0.986246
1548339384.62724 -0.699223 -2.18469 1.41342 0.150195 0.011775 0.0668988 -0.98632
1548339384.66082 -0.697521 -2.18524 1.40863 0.148301 0.00977106 0.0688561 -0.986494
1548339384.69401 -0.695507 -2.18575 1.40411 0.145505 0.0107312 0.0688908 -0.986898
1548339384.72726 -0.693416 -2.18675 1.39992 0.142259 0.0107565 0.0701592 -0.987281
1548339384.76078 -0.690349 -2.18767 1.39516 0.144606 0.00507145 0.0724964 -0.986817
1548339384.79385 -0.688195 -2.1893 1.39198 0.136225 0.00591409 0.0734484 -0.987934
1548339384.82750 -0.684951 -2.19069 1.38758 0.143118 0.00247395 0.0734988 -0.98697
1548339384.86075 -0.682005 -2.1934 1.3842 0.142278 0.00287004 0.0779296 -0.98675
1548339384.89388 -0.678417 -2.19618 1.38074 0.140843 0.000730575 0.0778673 -0.986965
1548339384.92707 -0.674168 -2.19926 1.377 0.143601 -0.000703141 0.0760402 -0.98671
1548339384.96074 -0.669548 -2.20344 1.37421 0.1419 -0.00146887 0.0741344 -0.9871
1548339384.99398 -0.664448 -2.20823 1.37214 0.136986 -0.00145913 0.0717652 -0.987969
1548339385.02769 -0.659123 -2.21295 1.37069 0.131304 -0.0011496 0.0663413 -0.989119
1548339385.06087 -0.652395 -2.21775 1.36833 0.138685 -0.00278167 0.0626353 -0.98835
1548339385.09381 -0.646316 -2.22338 1.36805 0.132786 0.0005079 0.0593498 -0.989366
1548339385.12742 -0.639899 -2.22873 1.36782 0.133716 0.00240994 0.0546599 -0.989508
1548339385.16107 -0.633714 -2.23436 1.36861 0.132425 0.00503234 0.0494337 -0.989947
1548339385.19403 -0.627489 -2.23951 1.36963 0.136664 0.00698043 0.0447156 -0.989583
1548339385.22762 -0.621563 -2.24507 1.37157 0.134712 0.00980893 0.0413858 -0.989972
1548339385.26081 -0.616278 -2.25 1.37377 0.134277 0.0135443 0.0384478 -0.990105
1548339385.29424 -0.611024 -2.25415 1.37619 0.136077 0.0169604 0.0346791 -0.989946
1548339385.32753 -0.606168 -2.25774 1.37889 0.13826 0.0206214 0.0305846 -0.989709
1548339385.36096 -0.601231 -2.26109 1.38172 0.140593 0.0232065 0.0276261 -0.98941
1548339385.39392 -0.596254 -2.26387 1.3848 0.143681 0.023366 0.0243967 -0.989047
1548339385.42727 -0.591189 -2.26648 1.38856 0.144469 0.0250371 0.0200144 -0.98899
1548339385.46088 -0.586099 -2.26889 1.39211 0.146642 0.0257598 0.014688 -0.988745
1548339385.49380 -0.581236 -2.27146 1.39561 0.14955 0.0254784 0.00939507 -0.988381
1548339385.52722 -0.576446 -2.27464 1.39927 0.146699 0.0288967 0.00473161 -0.988748
1548339385.56070 -0.57123 -2.27754 1.40168 0.148753 0.0282025 0.00107788 -0.988472
1548339385.59386 -0.566144 -2.28038 1.40386 0.148615 0.0288628 0.000374812 -0.988474
1548339385.62738 -0.56162 -2.2828 1.40612 0.147897 0.0305768 -0.0015584 -0.988529
1548339385.66068 -0.556969 -2.28471 1.40806 0.149373 0.0304462 -0.00247824 -0.988309
1548339385.69356 -0.551926 -2.28647 1.41024 0.148234 0.0320348 -0.00132536 -0.988433
1548339385.72737 -0.546788 -2.2876 1.41237 0.149216 0.0331383 -0.00519593 -0.988236
1548339385.76076 -0.541606 -2.28864 1.41472 0.148235 0.0354185 -0.00649317 -0.988297
1548339385.79396 -0.536182 -2.28904 1.41677 0.148368 0.0373501 -0.0077924 -0.988196
1548339385.82753 -0.530747 -2.28898 1.41878 0.148882 0.0399089 -0.0106383 -0.987992
1548339385.86056 -0.525113 -2.28851 1.42073 0.148708 0.0416264 -0.0104611 -0.987949
1548339385.89402 -0.519189 -2.28718 1.42245 0.150957 0.0421296 -0.011097 -0.98758
1548339385.92738 -0.513143 -2.28532 1.42437 0.149989 0.0440403 -0.0119317 -0.987634
1548339385.96094 -0.507186 -2.28282 1.42575 0.151887 0.043892 -0.0111688 -0.98736
1548339385.99414 -0.50144 -2.27979 1.42665 0.154091 0.0441122 -0.00925214 -0.987028
1548339386.02737 -0.495542 -2.2762 1.427 0.157829 0.0441739 -0.00934582 -0.986434
1548339386.06108 -0.489953 -2.27285 1.4273 0.158001 0.04504 -0.00748409 -0.986383
1548339386.09407 -0.484601 -2.26967 1.4273 0.159253 0.0457084 -0.00224095 -0.986177
1548339386.12758 -0.478961 -2.2663 1.4266 0.161749 0.0443087 -0.00175451 -0.985835
1548339386.16085 -0.473728 -2.26341 1.42617 0.158989 0.0469256 -0.000414562 -0.986164
1548339386.19379 -0.46831 -2.26051 1.42494 0.160838 0.0451134 0.00327783 -0.985944
1548339386.22730 -0.463009 -2.25788 1.4236 0.158875 0.0451189 0.0035127 -0.986261
1548339386.26070 -0.457253 -2.25572 1.4219 0.15532 0.0447509 0.00506921 -0.986837
1548339386.29388 -0.452134 -2.25363 1.42004 0.151648 0.043742 0.00567141 -0.98745
1548339386.32732 -0.446941 -2.25135 1.41758 0.150555 0.0409096 0.0072893 -0.987728
1548339386.36066 -0.44246 -2.24901 1.4152 0.148374 0.040775 0.00975295 -0.988042
1548339386.39393 -0.438061 -2.24716 1.41309 0.142157 0.0414585 0.0155993 -0.988852
1548339386.42747 -0.434431 -2.2442 1.40969 0.143873 0.0367035 0.0159621 -0.988786
1548339386.46060 -0.430986 -2.24144 1.40668 0.143712 0.0356897 0.0177483 -0.988817
1548339386.49387 -0.428059 -2.23862 1.40375 0.143265 0.0351477 0.0205109 -0.988847
1548339386.52739 -0.425489 -2.23536 1.4005 0.146493 0.0324499 0.0194604 -0.988488
1548339386.56060 -0.422446 -2.23234 1.39781 0.146194 0.0308447 0.0186462 -0.988599
1548339386.59413 -0.419545 -2.23026 1.39519 0.145892 0.0279057 0.0238001 -0.988621
1548339386.62751 -0.416851 -2.22825 1.39274 0.14428 0.0263856 0.0267012 -0.988825
1548339386.66104 -0.414559 -2.22614 1.39025 0.144818 0.0246852 0.0280664 -0.988752
1548339386.69417 -0.412627 -2.22414 1.38782 0.145692 0.0226462 0.0290549 -0.988644
1548339386.72781 -0.411817 -2.22249 1.38602 0.143811 0.0226498 0.0331656 -0.98879
1548339386.76085 -0.410852 -2.22051 1.38404 0.147295 0.0216494 0.0337636 -0.988279
1548339386.79415 -0.409788 -2.21909 1.38249 0.143961 0.0218087 0.0347339 -0.988733
1548339386.82763 -0.408936 -2.21702 1.38039 0.148408 0.0202388 0.0369388 -0.988029
1548339386.86078 -0.408048 -2.21507 1.37884 0.148651 0.0197945 0.0378975 -0.987965
1548339386.89424 -0.407323 -2.21284 1.37746 0.149737 0.018562 0.0373439 -0.987846
1548339386.92763 -0.407113 -2.21003 1.37672 0.151795 0.0171901 0.0383283 -0.987519
1548339386.96094 -0.407262 -2.20633 1.37718 0.153452 0.0176512 0.0394094 -0.987212
1548339386.99379 -0.407769 -2.20132 1.37791 0.158018 0.0166787 0.0379166 -0.986567
1548339387.02721 -0.408799 -2.19606 1.37993 0.159111 0.0190403 0.0395265 -0.986285
1548339387.06075 -0.410624 -2.18966 1.38269 0.164622 0.0203198 0.0388411 -0.985382
1548339387.09395 -0.412914 -2.1836 1.38629 0.166085 0.0238523 0.0400155 -0.985011
1548339387.12716 -0.415352 -2.17733 1.38997 0.17113 0.0265949 0.0390981 -0.984113
1548339387.16074 -0.41878 -2.1711 1.39437 0.173624 0.0309481 0.0387086 -0.983564
1548339387.19386 -0.422483 -2.16496 1.39891 0.174078 0.0366809 0.0409247 -0.983197
1548339387.22757 -0.426098 -2.15909 1.40361 0.176162 0.0401919 0.0424471 -0.982624
1548339387.26072 -0.429598 -2.15313 1.40861 0.179583 0.0438927 0.0421952 -0.981857
1548339387.29385 -0.432922 -2.14761 1.41375 0.183419 0.0445813 0.0411994 -0.981159
1548339387.32727 -0.435895 -2.14221 1.41831 0.186686 0.0459297 0.0394117 -0.980554
1548339387.36077 -0.438383 -2.13782 1.42272 0.184863 0.0464908 0.039397 -0.980873
1548339387.39437 -0.441299 -2.1328 1.42597 0.189932 0.0448655 0.0338393 -0.980188
1548339387.42747 -0.444063 -2.12942 1.42926 0.183883 0.0471252 0.0324415 -0.981282
1548339387.46087 -0.44705 -2.12614 1.43106 0.181346 0.0473963 0.0275043 -0.981891
1548339387.49416 -0.449618 -2.12388 1.43219 0.177342 0.0487915 0.023375 -0.982661
1548339387.52769 -0.451944 -2.12203 1.43236 0.175208 0.0481123 0.0211436 -0.983128
1548339387.56107 -0.45404 -2.12043 1.43201 0.172378 0.0468216 0.0208573 -0.983696
1548339387.59425 -0.45585 -2.11869 1.43118 0.169322 0.0457931 0.020507 -0.984283
1548339387.62754 -0.457863 -2.11663 1.4305 0.163921 0.045822 0.0200134 -0.985205
1548339387.66088 -0.45931 -2.11359 1.42914 0.167105 0.0426513 0.0185422 -0.984842
1548339387.69418 -0.460218 -2.11112 1.42846 0.162802 0.0436095 0.0193047 -0.985505
1548339387.72774 -0.460347 -2.10753 1.42737 0.166733 0.0408225 0.0170302 -0.985009
1548339387.76097 -0.459822 -2.10352 1.4267 0.167628 0.0393236 0.0144817 -0.984959
1548339387.79412 -0.458332 -2.09958 1.42598 0.168088 0.0386965 0.0129819 -0.984927
1548339387.82740 -0.456325 -2.09497 1.4247 0.170105 0.0376098 0.0101533 -0.984656
1548339387.86069 -0.453271 -2.09011 1.42245 0.173464 0.0360644 0.00638539 -0.984159
1548339387.89400 -0.450122 -2.08575 1.42021 0.167654 0.0380563 0.00732304 -0.985084
1548339387.92738 -0.447232 -2.08072 1.41753 0.169123 0.0380756 0.00629864 -0.984839
1548339387.96075 -0.44498 -2.07531 1.41503 0.172727 0.0369873 0.00200204 -0.984273
1548339387.99375 -0.442637 -2.0704 1.41325 0.171103 0.037169 0.00275348 -0.984548
1548339388.02753 -0.440423 -2.06511 1.4112 0.168819 0.0394412 0.00337923 -0.984852
1548339388.06052 -0.43763 -2.06054 1.40961 0.168058 0.0383685 0.00400901 -0.985022
1548339388.09403 -0.435451 -2.05529 1.40713 0.171692 0.0354438 0.000286848 -0.984513
1548339388.12744 -0.432521 -2.05056 1.405 0.166251 0.0367841 0.00282418 -0.985393
1548339388.16083 -0.430182 -2.04592 1.40327 0.16734 0.0342943 0.00018816 -0.985303
1548339388.19412 -0.427913 -2.04093 1.40136 0.167658 0.0336378 0.00166619 -0.98527
1548339388.22753 -0.426404 -2.03582 1.39937 0.166219 0.0354107 0.00409464 -0.985444
1548339388.26098 -0.425279 -2.03112 1.39821 0.168425 0.0335497 0.000887703 -0.985143
1548339388.29417 -0.424109 -2.02596 1.39632 0.17018 0.0342295 0.00390799 -0.984811
1548339388.32775 -0.422882 -2.02079 1.3939 0.171392 0.033442 0.00390428 -0.984627
1548339388.36087 -0.421194 -2.01602 1.39162 0.168446 0.0346501 0.00552974 -0.985086
1548339388.39421 -0.419642 -2.01121 1.3891 0.165883 0.0354733 0.00508213 -0.985494
1548339388.42752 -0.417574 -2.00701 1.38634 0.168452 0.0320035 0.00519431 -0.985177
1548339388.46082 -0.415969 -2.00317 1.38325 0.167782 0.0310179 0.00341394 -0.98533
1548339388.49415 -0.414044 -2.00016 1.37992 0.165168 0.0321984 0.00327709 -0.985734
1548339388.52753 -0.412402 -1.99745 1.37662 0.164103 0.0318379 0.00516145 -0.985916
1548339388.56076 -0.410534 -1.99487 1.37323 0.16333 0.0329566 0.00475129 -0.98601
1548339388.59412 -0.409036 -1.99211 1.37007 0.160829 0.0345013 0.00384358 -0.986372
1548339388.62760 -0.407327 -1.9895 1.367 0.161016 0.0340882 0.0042416 -0.986354
1548339388.66091 -0.405573 -1.98675 1.36465 0.159183 0.0340767 0.00375398 -0.986654
1548339388.69404 -0.404216 -1.9835 1.3636 0.158589 0.0344822 0.00270172 -0.986739
1548339388.72751 -0.402791 -1.98029 1.36349 0.159355 0.0335226 0.000653109 -0.986652
1548339388.76058 -0.401352 -1.97756 1.36432 0.160669 0.0323177 -0.0031222 -0.986474
1548339388.79398 -0.40021 -1.97519 1.36574 0.157616 0.0348349 -0.00291037 -0.986882
1548339388.82737 -0.399017 -1.97308 1.36725 0.157483 0.0362044 -0.00468321 -0.986847
1548339388.86087 -0.397642 -1.9714 1.36893 0.164846 0.0343748 -0.0104274 -0.985665
1548339388.89397 -0.396171 -1.97049 1.37148 0.162895 0.037358 -0.0113987 -0.98587
1548339388.92740 -0.394567 -1.96931 1.37357 0.165043 0.0400507 -0.0151049 -0.985357
1548339388.96067 -0.392325 -1.96882 1.376 0.161687 0.0422012 -0.0179135 -0.985777
1548339388.99407 -0.390195 -1.96861 1.37869 0.162924 0.0443074 -0.0214494 -0.98541
1548339389.02747 -0.387937 -1.9684 1.38144 0.167324 0.0448676 -0.0266577 -0.98452
1548339389.06103 -0.385235 -1.96815 1.38428 0.164802 0.0478074 -0.0288141 -0.984746
1548339389.09419 -0.382446 -1.96771 1.38706 0.166417 0.0494038 -0.0344165 -0.984215
1548339389.12759 -0.379668 -1.9672 1.3901 0.169538 0.0508101 -0.0396693 -0.983413
1548339389.16090 -0.37632 -1.9666 1.393 0.163119 0.0534061 -0.0413164 -0.984293
1548339389.19423 -0.373034 -1.96588 1.39585 0.166537 0.0541823 -0.0475002 -0.983399
1548339389.22745 -0.369777 -1.96457 1.39878 0.167804 0.0561568 -0.0519496 -0.982848
1548339389.26103 -0.36634 -1.96316 1.40167 0.166856 0.057019 -0.0564071 -0.982714
1548339389.29415 -0.362866 -1.96139 1.40426 0.168686 0.0583634 -0.0589078 -0.982175
1548339389.32761 -0.359663 -1.95962 1.40707 0.167889 0.0595828 -0.0595945 -0.982197
1548339389.36097 -0.356593 -1.95752 1.40988 0.167604 0.0607088 -0.0604922 -0.982122
1548339389.39390 -0.353693 -1.95507 1.41255 0.166809 0.0636768 -0.0608183 -0.98205
1548339389.42715 -0.350803 -1.95245 1.41526 0.168953 0.0629024 -0.0645231 -0.981496
1548339389.46069 -0.348064 -1.94975 1.41771 0.170342 0.0652748 -0.0637109 -0.981154
1548339389.49390 -0.344823 -1.94722 1.42028 0.170663 0.0649643 -0.0621692 -0.981218
1548339389.52724 -0.341696 -1.94434 1.42246 0.173058 0.0665443 -0.0606301 -0.980789
1548339389.56056 -0.338019 -1.94151 1.42428 0.173908 0.0656004 -0.0607157 -0.980697
1548339389.59404 -0.334377 -1.93801 1.42528 0.174647 0.0668971 -0.0575325 -0.98067
1548339389.62754 -0.33069 -1.9344 1.42581 0.174353 0.0670659 -0.0565919 -0.980765
1548339389.66082 -0.327477 -1.93075 1.42562 0.176548 0.0677871 -0.0548155 -0.980424
1548339389.69399 -0.324292 -1.92673 1.42491 0.178125 0.0683013 -0.0499436 -0.980363
1548339389.72719 -0.321626 -1.92297 1.42422 0.179674 0.0668933 -0.0502293 -0.980163
1548339389.76079 -0.318845 -1.91881 1.4227 0.180036 0.0687664 -0.0455505 -0.980196
1548339389.79410 -0.315955 -1.91534 1.42126 0.18313 0.0665095 -0.0430857 -0.97989
1548339389.82769 -0.312863 -1.91209 1.41926 0.180768 0.0646999 -0.0424458 -0.980477
1548339389.86090 -0.309584 -1.90901 1.41698 0.178858 0.0628712 -0.0397754 -0.981058
1548339389.89405 -0.306506 -1.9056 1.41408 0.180002 0.0604683 -0.0395503 -0.981009
1548339389.92745 -0.303467 -1.90271 1.41113 0.178252 0.0581005 -0.0407299 -0.981423
1548339389.96104 -0.300884 -1.90001 1.40722 0.179106 0.0575256 -0.0381859 -0.981404
1548339389.99423 -0.298194 -1.89779 1.40237 0.176263 0.0554026 -0.0361513 -0.982118
1548339390.02757 -0.295542 -1.89578 1.39629 0.178032 0.0534646 -0.0389269 -0.9818
1548339390.06046 -0.293288 -1.89388 1.38997 0.174319 0.0527652 -0.0376899 -0.982552
1548339390.09418 -0.291208 -1.89163 1.38328 0.17607 0.0515468 -0.0385407 -0.982271
1548339390.12757 -0.28881 -1.89015 1.37671 0.17154 0.0496747 -0.0418843 -0.983032
1548339390.16100 -0.287049 -1.88869 1.37009 0.167631 0.05089 -0.0398531 -0.983729
1548339390.19402 -0.284822 -1.88823 1.36382 0.166551 0.0465612 -0.0391736 -0.984154
1548339390.22714 -0.28215 -1.88752 1.35742 0.165438 0.0440295 -0.0412862 -0.984372
1548339390.26064 -0.279606 -1.88741 1.35189 0.159304 0.04011 -0.0386127 -0.985658
1548339390.29397 -0.277624 -1.88735 1.3469 0.157479 0.0371291 -0.0358674 -0.986172
1548339390.32754 -0.275719 -1.88712 1.34182 0.156551 0.034821 -0.0357897 -0.986407
1548339390.36071 -0.273992 -1.88718 1.33702 0.15322 0.0304555 -0.0349985 -0.987103
1548339390.39371 -0.272749 -1.8868 1.3319 0.153152 0.02991 -0.0343314 -0.987153
1548339390.42746 -0.271573 -1.88626 1.32655 0.154942 0.0272869 -0.0351922 -0.986919
1548339390.46081 -0.270701 -1.8855 1.3216 0.153855 0.0266965 -0.0367849 -0.987047
1548339390.49389 -0.270473 -1.88394 1.31674 0.152162 0.025674 -0.0338178 -0.987443
1548339390.52731 -0.270123 -1.88226 1.31189 0.154218 0.0251028 -0.0327791 -0.987174
1548339390.56070 -0.26947 -1.87983 1.30722 0.155193 0.0243609 -0.0323729 -0.987053
1548339390.59415 -0.26875 -1.87768 1.30319 0.155 0.0221821 -0.0319021 -0.98715
1548339390.62774 -0.267536 -1.87549 1.29916 0.156981 0.02046 -0.0300473 -0.986932
1548339390.66101 -0.265981 -1.87325 1.2954 0.153387 0.0178337 -0.0320833 -0.987484
1548339390.69421 -0.264487 -1.87128 1.29204 0.155662 0.014699 -0.0352242 -0.987073
1548339390.72733 -0.26289 -1.8696 1.28897 0.154303 0.0132069 -0.0323356 -0.987406
1548339390.76096 -0.26169 -1.86779 1.28659 0.152062 0.0140278 -0.0302414 -0.987809
1548339390.79439 -0.26106 -1.86586 1.28459 0.151101 0.0125469 -0.0335454 -0.987869
1548339390.82751 -0.260295 -1.86402 1.28198 0.153068 0.0129457 -0.0311173 -0.987641
1548339390.86078 -0.259366 -1.8626 1.27975 0.148617 0.0141659 -0.029854 -0.988343
1548339390.89406 -0.258225 -1.86083 1.2778 0.146217 0.015476 -0.0253288 -0.988807
1548339390.92739 -0.257381 -1.85903 1.27685 0.146221 0.0140625 -0.0229281 -0.988886
1548339390.96090 -0.256602 -1.85666 1.27644 0.145467 0.0142171 -0.0227322 -0.989
1548339390.99394 -0.255697 -1.85397 1.27662 0.147273 0.0158925 -0.0227009 -0.988708
1548339391.02748 -0.254975 -1.85116 1.27718 0.148999 0.0176424 -0.0219627 -0.988436
1548339391.06054 -0.253524 -1.8489 1.27795 0.149457 0.0149373 -0.0222287 -0.988406
1548339391.09413 -0.252169 -1.84651 1.27911 0.152003 0.0147356 -0.024365 -0.98797
1548339391.12708 -0.250522 -1.84506 1.28067 0.152449 0.0177581 -0.0230072 -0.987884
1548339391.16082 -0.248905 -1.84421 1.28163 0.155489 0.018776 -0.0265789 -0.987302
1548339391.19393 -0.246553 -1.84405 1.28256 0.155284 0.0201897 -0.0278343 -0.987271
1548339391.22734 -0.244396 -1.84453 1.28348 0.156694 0.021981 -0.0292168 -0.98697
1548339391.26055 -0.242501 -1.84518 1.28432 0.154474 0.0262958 -0.0302542 -0.987183
1548339391.29378 -0.240242 -1.84656 1.28576 0.156972 0.0272987 -0.0376923 -0.986506
1548339391.32725 -0.236832 -1.84809 1.28717 0.156794 0.028162 -0.0432971 -0.98628
1548339391.36083 -0.232959 -1.84943 1.28828 0.158242 0.0296321 -0.0436532 -0.98599
1548339391.39416 -0.228661 -1.85073 1.28927 0.157489 0.0307046 -0.0469059 -0.985928
1548339391.42767 -0.224135 -1.85156 1.28968 0.160423 0.0322403 -0.0489914 -0.985304
1548339391.46106 -0.219422 -1.85317 1.29047 0.159444 0.0331023 -0.0502348 -0.985372
1548339391.49414 -0.215021 -1.85476 1.2918 0.156647 0.0324303 -0.0523418 -0.985733
1548339391.52761 -0.211759 -1.8558 1.29336 0.158158 0.0343995 -0.0538535 -0.985344
1548339391.56108 -0.209271 -1.85678 1.29528 0.161203 0.0389726 -0.0544485 -0.984647
1548339391.59430 -0.207076 -1.85765 1.29743 0.163404 0.0412732 -0.055375 -0.984139
1548339391.62766 -0.205226 -1.85865 1.30017 0.16514 0.0429553 -0.0557892 -0.983754
1548339391.66108 -0.203933 -1.85926 1.30262 0.166268 0.045583 -0.0539572 -0.983548
1548339391.69421 -0.202315 -1.86037 1.3053 0.165569 0.0462724 -0.0535982 -0.983653
1548339391.72773 -0.200215 -1.86115 1.30723 0.163708 0.0479132 -0.0530368 -0.983916
1548339391.76084 -0.197895 -1.86197 1.30856 0.166494 0.0481417 -0.0539005 -0.983391
1548339391.79369 -0.19525 -1.86291 1.30955 0.163639 0.0478021 -0.0507524 -0.984054
1548339391.82757 -0.191869 -1.86368 1.31023 0.168424 0.0457419 -0.0480717 -0.983479
1548339391.86090 -0.188349 -1.86421 1.31159 0.16559 0.0422757 -0.0471977 -0.984157
1548339391.89401 -0.184804 -1.86416 1.31268 0.167862 0.0423392 -0.0443589 -0.983902
1548339391.92757 -0.181144 -1.86437 1.31382 0.16688 0.0394666 -0.0428628 -0.984254
1548339391.96077 -0.176969 -1.86452 1.31523 0.162569 0.0376312 -0.040319 -0.985155
1548339391.99415 -0.17368 -1.86571 1.31706 0.163474 0.0373061 -0.0347334 -0.98523
1548339392.02743 -0.170219 -1.8667 1.31916 0.160683 0.0363817 -0.0319978 -0.985816
1548339392.06070 -0.166898 -1.86714 1.32134 0.16306 0.0338297 -0.0289852 -0.98561
1548339392.09396 -0.163591 -1.86765 1.32449 0.158661 0.0359082 -0.0264449 -0.986326
1548339392.12745 -0.159969 -1.86769 1.32727 0.161434 0.0360248 -0.0237828 -0.985939
1548339392.16083 -0.156393 -1.86763 1.33056 0.163913 0.0357283 -0.0186706 -0.985651
1548339392.19403 -0.152664 -1.86729 1.33358 0.162622 0.0373208 -0.0144524 -0.985877
1548339392.22773 -0.14917 -1.8666 1.33642 0.165573 0.0370954 -0.0105428 -0.985443
1548339392.26094 -0.14571 -1.86552 1.33887 0.170207 0.0389396 -0.00410658 -0.98463
1548339392.29442 -0.142457 -1.86458 1.34132 0.172522 0.041775 0.00389343 -0.984112
1548339392.32768 -0.139243 -1.86328 1.34282 0.172238 0.0441919 0.00777165 -0.984033
1548339392.36088 -0.135894 -1.86228 1.34414 0.174898 0.0452048 0.0134368 -0.983456
1548339392.39418 -0.132249 -1.86113 1.34542 0.175445 0.0459217 0.0180604 -0.983252
1548339392.42741 -0.128618 -1.86045 1.34666 0.174849 0.0461858 0.0233202 -0.983235
1548339392.46089 -0.12483 -1.85953 1.34757 0.177251 0.0449858 0.0300706 -0.982677
1548339392.49411 -0.121694 -1.85871 1.34886 0.176181 0.0439203 0.0340109 -0.982789
1548339392.52766 -0.118758 -1.85857 1.35006 0.175016 0.0436595 0.0390542 -0.982822
1548339392.56093 -0.115998 -1.85825 1.35081 0.175802 0.0422853 0.0424891 -0.982599
1548339392.59418 -0.113348 -1.8585 1.35104 0.173766 0.0420833 0.0465837 -0.982784
1548339392.62747 -0.110689 -1.85862 1.35019 0.171495 0.0417179 0.0494314 -0.983059
1548339392.66082 -0.107879 -1.85912 1.34866 0.170197 0.0411161 0.0514735 -0.983205
1548339392.69397 -0.104499 -1.85918 1.34598 0.170351 0.0388074 0.0515878 -0.983267
1548339392.72747 -0.101193 -1.85939 1.3428 0.168377 0.0361647 0.0526766 -0.98365
1548339392.76065 -0.0981669 -1.85981 1.3395 0.165071 0.0339435 0.0565982 -0.984071
1548339392.79398 -0.0953738 -1.85998 1.33646 0.165729 0.0299377 0.0564624 -0.984099
1548339392.82723 -0.092029 -1.86037 1.3338 0.159769 0.0273022 0.0556392 -0.985207
1548339392.86054 -0.0887674 -1.86058 1.33061 0.162727 0.0242828 0.0572375 -0.98471
1548339392.89381 -0.0854136 -1.86113 1.32812 0.158283 0.0207764 0.057118 -0.985521
1548339392.92737 -0.0822542 -1.86097 1.32553 0.159824 0.0187715 0.0563523 -0.985357
1548339392.96051 -0.0792643 -1.86076 1.32337 0.159177 0.0173573 0.0568077 -0.985462
1548339392.99404 -0.0764665 -1.86077 1.32135 0.157467 0.0146089 0.0567985 -0.985781
1548339393.02746 -0.0740957 -1.85985 1.31909 0.158257 0.0132326 0.0571066 -0.985656
1548339393.06100 -0.0723092 -1.85956 1.3171 0.157497 0.0119789 0.0550522 -0.985911
1548339393.09415 -0.0711086 -1.85933 1.31445 0.158135 0.010246 0.0540169 -0.985886
1548339393.12745 -0.0700654 -1.85941 1.31182 0.158627 0.011439 0.0569886 -0.985626
1548339393.16082 -0.0692173 -1.85952 1.3093 0.160685 0.00972692 0.056581 -0.985335
1548339393.19409 -0.0686044 -1.86012 1.30675 0.161235 0.00836378 0.0570626 -0.98523
1548339393.22761 -0.0681536 -1.86161 1.30434 0.16342 0.0070962 0.0593782 -0.984743
1548339393.26100 -0.0673827 -1.86375 1.30195 0.158198 0.00470105 0.0601718 -0.985561
1548339393.29420 -0.066683 -1.86606 1.29946 0.162891 0.000591865 0.0581039 -0.984931
1548339393.32749 -0.0661628 -1.86928 1.29805 0.160162 -0.000967208 0.0598034 -0.985277
1548339393.36123 -0.0653886 -1.872 1.29666 0.162116 -0.00174911 0.0605605 -0.98491
1548339393.39388 -0.0639954 -1.87617 1.29653 0.160563 -0.00527943 0.0597619 -0.985201
1548339393.42746 -0.061931 -1.87984 1.29604 0.160421 -0.00760159 0.0602396 -0.98518
1548339393.46077 -0.0595865 -1.88355 1.29616 0.160383 -0.00786831 0.0586697 -0.985278
1548339393.49390 -0.0572039 -1.88723 1.29687 0.157678 -0.00860025 0.0549196 -0.985925
1548339393.52734 -0.0545414 -1.89112 1.298 0.158299 -0.00766658 0.0566085 -0.985737
1548339393.56093 -0.0515815 -1.89505 1.29908 0.158728 -0.00863181 0.0546719 -0.98577
1548339393.59391 -0.0490357 -1.89921 1.30097 0.158157 -0.00618731 0.0527699 -0.985984
1548339393.62744 -0.0467457 -1.90386 1.30392 0.158145 -0.00395241 0.0515089 -0.986064
1548339393.66077 -0.0446238 -1.90837 1.30771 0.155067 -0.000782638 0.0537502 -0.98644
1548339393.69417 -0.0423869 -1.91291 1.31208 0.15818 0.00408565 0.052961 -0.985981
1548339393.72747 -0.0401483 -1.9174 1.31704 0.157913 0.00505837 0.0503692 -0.986155
1548339393.76070 -0.0379928 -1.9215 1.32206 0.160021 0.00931721 0.0524298 -0.985676
1548339393.79415 -0.0362582 -1.92552 1.32739 0.159275 0.0143696 0.0538424 -0.98566
1548339393.82778 -0.0349909 -1.92881 1.33248 0.163586 0.0185644 0.055015 -0.984819
1548339393.86071 -0.0340103 -1.9313 1.33809 0.164846 0.0228869 0.0572213 -0.984392
1548339393.89417 -0.0328238 -1.93267 1.34393 0.168846 0.0271785 0.0550222 -0.98373
1548339393.92777 -0.0314645 -1.93347 1.34985 0.171747 0.0317608 0.0530825 -0.983197
1548339393.96072 -0.0298494 -1.93342 1.35531 0.175088 0.0352975 0.0571414 -0.982259
1548339393.99422 -0.027645 -1.93266 1.36033 0.184047 0.035112 0.0533605 -0.98084
1548339394.02768 -0.025244 -1.93134 1.36487 0.186446 0.0378228 0.0493326 -0.980497
1548339394.06090 -0.022811 -1.93006 1.36869 0.187041 0.040393 0.0510739 -0.980192
1548339394.09413 -0.0201046 -1.92889 1.3722 0.193917 0.0401976 0.0460461 -0.979112
1548339394.12767 -0.0170215 -1.92791 1.37497 0.196656 0.0407005 0.0431269 -0.978678
1548339394.16085 -0.0137532 -1.92767 1.37669 0.195275 0.0414378 0.0435688 -0.978904
1548339394.19391 -0.0105399 -1.92768 1.37722 0.197939 0.0402139 0.0400905 -0.978568
1548339394.22734 -0.00674718 -1.92773 1.37737 0.195234 0.0413375 0.0405792 -0.979044
1548339394.26059 -0.00270147 -1.92736 1.377 0.195084 0.0404297 0.0404813 -0.979116
1548339394.29405 0.00182312 -1.9271 1.37598 0.193182 0.0393676 0.0383013 -0.979624
1548339394.32749 0.00688892 -1.92645 1.37447 0.19148 0.0373216 0.0363813 -0.980112
1548339394.36062 0.0120254 -1.92555 1.37214 0.187983 0.0361311 0.0344331 -0.980903
1548339394.39406 0.0181774 -1.92475 1.36856 0.186352 0.0342165 0.0360438 -0.981225
1548339394.42741 0.0248737 -1.92352 1.36459 0.184311 0.0312729 0.0362098 -0.981703
1548339394.46080 0.0318331 -1.92184 1.36079 0.182984 0.0275871 0.0338713 -0.982145
1548339394.49393 0.0386979 -1.91989 1.35712 0.178456 0.0262165 0.0350559 -0.982974
1548339394.52724 0.0459719 -1.91779 1.35364 0.177772 0.0228614 0.0356543 -0.98316
1548339394.56062 0.0528471 -1.91572 1.3503 0.175477 0.020287 0.0342643 -0.983678
1548339394.59422 0.0589958 -1.91385 1.34754 0.171647 0.0184897 0.0338874 -0.984402
1548339394.62751 0.0643454 -1.91171 1.34486 0.17209 0.0190377 0.0347028 -0.984286
1548339394.66084 0.0696487 -1.9101 1.34268 0.172506 0.0176985 0.0358548 -0.984197
1548339394.69413 0.0752409 -1.90844 1.34044 0.168138 0.0186751 0.0379548 -0.984856
1548339394.72771 0.080831 -1.90704 1.33771 0.164366 0.0176046 0.0369696 -0.985549
1548339394.76082 0.0860822 -1.90576 1.3345 0.169421 0.0183279 0.0376882 -0.984652
1548339394.79425 0.0916544 -1.90443 1.33165 0.165951 0.0169376 0.0383292 -0.985243
1548339394.82780 0.097191 -1.90315 1.32895 0.16535 0.0151164 0.036839 -0.985431
1548339394.86096 0.10228 -1.90265 1.32614 0.166558 0.0131215 0.0377387 -0.985222
1548339394.89420 0.107233 -1.90199 1.32332 0.163958 0.0119736 0.0388538 -0.985629
1548339394.92755 0.111691 -1.90121 1.32129 0.160946 0.0105376 0.0381526 -0.986169
1548339394.96070 0.11617 -1.90096 1.31966 0.162806 0.0101029 0.0400332 -0.985794
1548339394.99398 0.120142 -1.90016 1.31824 0.162972 0.00791755 0.0417106 -0.985717
1548339395.02740 0.124513 -1.89946 1.31756 0.160824 0.00926637 0.0427833 -0.986012
1548339395.06056 0.12916 -1.89842 1.3174 0.161656 0.01043 0.0417092 -0.98591
1548339395.09409 0.1344 -1.89721 1.31769 0.161596 0.00758753 0.0397701 -0.986026
1548339395.12752 0.139731 -1.89626 1.31867 0.160942 0.00524341 0.0384151 -0.986202
1548339395.16073 0.145016 -1.89539 1.31992 0.159202 0.00570878 0.0391131 -0.986454
1548339395.19399 0.149343 -1.89376 1.32111 0.161059 0.00764865 0.0389528 -0.986146
1548339395.22744 0.153621 -1.89228 1.32282 0.161984 0.0094059 0.0404612 -0.985919
1548339395.26053 0.157388 -1.89056 1.32456 0.163848 0.00977055 0.0379537 -0.985707
1548339395.29405 0.160845 -1.88908 1.32629 0.166109 0.0119361 0.0364632 -0.985361
1548339395.32739 0.164741 -1.88836 1.32772 0.165657 0.0133601 0.0383779 -0.985346
1548339395.36078 0.168628 -1.88814 1.32952 0.166103 0.0133882 0.037063 -0.985321
1548339395.39412 0.172862 -1.88871 1.33172 0.165776 0.01379 0.0403421 -0.985242
1548339395.42748 0.17655 -1.88975 1.3345 0.165485 0.0142465 0.0411764 -0.985249
1548339395.46091 0.180253 -1.89165 1.33773 0.169278 0.012866 0.0378558 -0.984757
1548339395.49421 0.183687 -1.89385 1.34127 0.169081 0.015024 0.0383386 -0.984742
1548339395.52755 0.186822 -1.89714 1.34536 0.167725 0.0139444 0.0400597 -0.984921
1548339395.56095 0.18957 -1.90066 1.34935 0.168507 0.015498 0.0424102 -0.984666
1548339395.59427 0.191662 -1.90404 1.353 0.167377 0.0171601 0.0426287 -0.984822
1548339395.62761 0.193422 -1.90757 1.35633 0.171423 0.0169436 0.0435104 -0.98409
1548339395.66095 0.195186 -1.91183 1.35984 0.164711 0.0204386 0.0511603 -0.984802
1548339395.69423 0.196734 -1.91572 1.36278 0.170699 0.0209539 0.049095 -0.983876
1548339395.72745 0.198174 -1.91931 1.36517 0.170692 0.0246872 0.0515869 -0.983663
1548339395.76097 0.20007 -1.92357 1.36742 0.169893 0.0283594 0.0493831 -0.983816
1548339395.79373 0.202209 -1.92798 1.36926 0.174129 0.0296105 0.0481936 -0.983097
1548339395.82760 0.2045 -1.93215 1.3709 0.174052 0.0346421 0.0490329 -0.982905
1548339395.86080 0.207293 -1.93653 1.37275 0.178992 0.0351089 0.0430091 -0.982283
1548339395.89397 0.210109 -1.94128 1.37469 0.177201 0.0362303 0.0436437 -0.982539
1548339395.92739 0.212546 -1.94548 1.37581 0.180161 0.0369629 0.0450232 -0.981911
1548339395.96062 0.214958 -1.94937 1.37586 0.182917 0.0383416 0.0426153 -0.981456
1548339395.99395 0.217072 -1.9546 1.37582 0.181242 0.0374824 0.0438237 -0.981746
1548339396.02740 0.218558 -1.95918 1.37477 0.177085 0.0380481 0.0473814 -0.982318
1548339396.06070 0.219646 -1.96339 1.37295 0.181439 0.0355569 0.047492 -0.981611
1548339396.09388 0.220102 -1.96803 1.37088 0.179485 0.0337092 0.0496293 -0.98193
1548339396.12752 0.221144 -1.97249 1.36799 0.180496 0.0327936 0.0518217 -0.981662
1548339396.16080 0.222898 -1.97661 1.36469 0.178901 0.030643 0.0528739 -0.981967
1548339396.19409 0.224845 -1.98118 1.36146 0.174992 0.0254778 0.0511323 -0.982911
1548339396.22754 0.226577 -1.98534 1.3578 0.17117 0.0209817 0.0559525 -0.983428
1548339396.26111 0.227806 -1.98869 1.35371 0.175006 0.0167188 0.0563845 -0.982809
1548339396.29404 0.229219 -1.99257 1.3499 0.169659 0.0150413 0.0591957 -0.983608
1548339396.32763 0.230139 -1.99684 1.34667 0.165593 0.0128467 0.0633351 -0.984075
1548339396.36096 0.231024 -2.00107 1.34392 0.167138 0.00902745 0.0658716 -0.983689
1548339396.39404 0.231996 -2.00491 1.34157 0.162556 0.00705665 0.0682336 -0.984312
1548339396.42755 0.232769 -2.00803 1.3395 0.160435 0.00596985 0.0720888 -0.984392
1548339396.46097 0.233753 -2.01028 1.33765 0.159033 0.00579091 0.0779292 -0.984176
1548339396.49418 0.235495 -2.0116 1.33588 0.158857 0.00492751 0.0813044 -0.983936
1548339396.52764 0.237534 -2.01236 1.33425 0.159502 0.00235873 0.0842878 -0.98359
1548339396.56122 0.239603 -2.01269 1.33279 0.16013 0.00200885 0.0886883 -0.983102
1548339396.59400 0.242281 -2.01254 1.33112 0.160355 0.00204232 0.0917012 -0.982788
1548339396.62712 0.244914 -2.01251 1.32937 0.160592 -0.000496615 0.0929112 -0.982638
1548339396.66034 0.247146 -2.01204 1.32769 0.161383 -0.000641549 0.0975952 -0.982054
1548339396.69387 0.249719 -2.01125 1.32623 0.161314 -0.00110497 0.0997327 -0.98185
1548339396.72744 0.252415 -2.01063 1.32509 0.160746 -0.00183816 0.0990117 -0.982015
1548339396.76090 0.255034 -2.01066 1.32375 0.158749 -0.00148559 0.101016 -0.982137
1548339396.79401 0.257851 -2.01143 1.32234 0.156076 -0.00164257 0.102744 -0.982386
1548339396.82729 0.261419 -2.01225 1.32049 0.155237 -0.00233739 0.10352 -0.982436
1548339396.86059 0.264702 -2.01327 1.31889 0.152526 -0.00365112 0.106234 -0.982567
1548339396.89385 0.268053 -2.01389 1.3179 0.153179 -0.00631855 0.110832 -0.981943
1548339396.92760 0.27139 -2.01426 1.318 0.151985 -0.00876685 0.111596 -0.982023
1548339396.96062 0.274866 -2.0143 1.31872 0.153008 -0.0101053 0.113006 -0.98169
1548339396.99408 0.277766 -2.01432 1.3201 0.152624 -0.0105014 0.11437 -0.981588
1548339397.02755 0.280607 -2.01403 1.32168 0.154185 -0.0106496 0.114745 -0.981299
1548339397.06079 0.283078 -2.01367 1.3237 0.157134 -0.00943834 0.11475 -0.980843
1548339397.09417 0.285168 -2.01337 1.32616 0.157365 -0.00754699 0.117135 -0.98054
1548339397.12774 0.287412 -2.01255 1.32872 0.161586 -0.00571273 0.117574 -0.979813
1548339397.16088 0.289961 -2.01166 1.33153 0.164969 -0.00364762 0.117637 -0.979251
1548339397.19408 0.29251 -2.0111 1.33449 0.166337 -0.00218583 0.118866 -0.978876
1548339397.22763 0.295206 -2.01073 1.33743 0.167687 -0.00117128 0.119105 -0.978618
1548339397.26112 0.297897 -2.01033 1.34032 0.167937 0.00169504 0.119015 -0.978586
1548339397.29409 0.300444 -2.00974 1.34325 0.171074 0.00365625 0.118965 -0.978043
1548339397.32771 0.303184 -2.0093 1.34622 0.172371 0.00594937 0.117898 -0.977933
1548339397.36091 0.306316 -2.00871 1.34896 0.173026 0.0074411 0.115622 -0.978079
1548339397.39428 0.309574 -2.00781 1.35143 0.174383 0.0084716 0.114689 -0.977939
1548339397.42724 0.313341 -2.00693 1.35373 0.173796 0.0100782 0.110972 -0.978457
1548339397.46088 0.317434 -2.00604 1.35571 0.173056 0.0115097 0.10646 -0.979074
1548339397.49424 0.321719 -2.00472 1.35734 0.173742 0.0138315 0.102171 -0.979379
1548339397.52732 0.326194 -2.00344 1.35884 0.174123 0.0143473 0.0977856 -0.979752
1548339397.56061 0.330955 -2.00189 1.35991 0.174174 0.0139474 0.0915626 -0.98035
1548339397.59382 0.335606 -2.00037 1.36107 0.173157 0.0153387 0.0868693 -0.980936
1548339397.62726 0.340203 -1.99878 1.36218 0.174476 0.0153631 0.0821473 -0.981108
1548339397.66078 0.344521 -1.99751 1.36384 0.172349 0.0154375 0.0770166 -0.981899
1548339397.69396 0.34828 -1.9958 1.36531 0.174502 0.0175995 0.0732258 -0.981773
1548339397.72764 0.351719 -1.99454 1.36715 0.173104 0.01812 0.0672871 -0.982435
1548339397.76066 0.35461 -1.99282 1.3683 0.17172 0.0233052 0.0638241 -0.9828
1548339397.79404 0.357151 -1.99184 1.36971 0.168856 0.0258294 0.0621398 -0.983341
1548339397.82767 0.359136 -1.99058 1.37089 0.171424 0.0277412 0.0581333 -0.983089
1548339397.86101 0.36115 -1.98881 1.3713 0.172877 0.0296784 0.0552733 -0.982943
1548339397.89415 0.363353 -1.98726 1.37104 0.170595 0.0313345 0.0518721 -0.983476
1548339397.92773 0.3651 -1.98565 1.37014 0.178183 0.0305355 0.0463473 -0.982431
1548339397.96096 0.367169 -1.98489 1.36943 0.173884 0.0345619 0.045875 -0.98309
1548339397.99454 0.368809 -1.98334 1.3675 0.175952 0.0345432 0.0395957 -0.982995
1548339398.02759 0.37062 -1.98303 1.36564 0.174026 0.0326192 0.0368284 -0.983511
1548339398.06119 0.372672 -1.983 1.36318 0.170357 0.0331223 0.0372387 -0.984121
1548339398.09391 0.374421 -1.98336 1.36082 0.173335 0.030025 0.0319375 -0.983887
1548339398.12743 0.376012 -1.98382 1.35809 0.176106 0.0274665 0.02675 -0.983624
1548339398.16107 0.377933 -1.98528 1.35582 0.169706 0.0266716 0.026976 -0.984764
1548339398.19396 0.379143 -1.98597 1.35312 0.171695 0.0244076 0.0187819 -0.984669
1548339398.22745 0.380662 -1.98734 1.35053 0.16538 0.0237331 0.0161366 -0.985812
1548339398.26057 0.381692 -1.98839 1.3478 0.165283 0.0230751 0.012987 -0.985891
1548339398.29374 0.382348 -1.98895 1.34496 0.166362 0.0238257 0.00667699 -0.985754
1548339398.32732 0.382729 -1.98964 1.34222 0.163708 0.02514 0.00189448 -0.986187
1548339398.36079 0.383089 -1.99038 1.33933 0.158595 0.0270032 0.00101281 -0.986974
1548339398.39422 0.383053 -1.99092 1.33671 0.160488 0.0281723 -0.00192621 -0.986634
1548339398.42755 0.383432 -1.99122 1.33438 0.157139 0.0286725 -0.00596267 -0.987142
1548339398.46072 0.383929 -1.99174 1.33218 0.15615 0.0287569 -0.00547563 -0.987299
1548339398.49394 0.384276 -1.99161 1.3295 0.15805 0.0296658 -0.00675343 -0.986962
1548339398.52746 0.385289 -1.99246 1.32789 0.153999 0.0273447 -0.00836308 -0.987657
1548339398.56093 0.38596 -1.99302 1.32605 0.152114 0.0274884 -0.0076901 -0.987951
1548339398.59402 0.386909 -1.99348 1.32415 0.154079 0.0265647 -0.00890392 -0.987661
1548339398.62759 0.387693 -1.99392 1.32337 0.153936 0.0242156 -0.0125328 -0.987705
1548339398.66093 0.388685 -1.99433 1.32347 0.152635 0.0231191 -0.0117677 -0.987942
1548339398.69426 0.389635 -1.99484 1.32394 0.153204 0.0233775 -0.0146119 -0.98781
1548339398.72758 0.39046 -1.99515 1.32442 0.155963 0.0255634 -0.0195556 -0.987238
1548339398.76084 0.391345 -1.99561 1.32555 0.153691 0.0255083 -0.0247808 -0.987479
1548339398.79417 0.391772 -1.99575 1.32708 0.153094 0.0284057 -0.0239784 -0.987512
1548339398.82763 0.391744 -1.99578 1.32991 0.155119 0.0320503 -0.0253176 -0.987051
1548339398.86111 0.391174 -1.99541 1.33335 0.155657 0.0329765 -0.0302052 -0.986798
1548339398.89410 0.390381 -1.99546 1.33703 0.155604 0.0341776 -0.0328563 -0.986681
1548339398.92756 0.389596 -1.99566 1.34057 0.157726 0.0404759 -0.0333359 -0.98609
1548339398.96095 0.388593 -1.99557 1.34417 0.161995 0.0444567 -0.0365487 -0.985112
1548339398.99387 0.387712 -1.99552 1.34798 0.162119 0.0465837 -0.0391154 -0.984895
1548339399.02750 0.387441 -1.99539 1.35136 0.1613 0.0488215 -0.041359 -0.984829
1548339399.06090 0.386975 -1.99438 1.35375 0.164963 0.0552253 -0.0426498 -0.983828
1548339399.09376 0.386295 -1.99384 1.35691 0.166278 0.0561934 -0.0461599 -0.983394
1548339399.12739 0.386449 -1.99316 1.35952 0.16924 0.0564907 -0.0509306 -0.982636
1548339399.16071 0.386696 -1.99228 1.3619 0.169693 0.0602621 -0.0531618 -0.982215
1548339399.19381 0.387286 -1.99188 1.36412 0.171506 0.0585895 -0.0578692 -0.981735
1548339399.22729 0.388173 -1.99137 1.3658 0.172719 0.060216 -0.0634285 -0.981081
1548339399.26078 0.389518 -1.99148 1.36752 0.170293 0.0596389 -0.0705055 -0.981057
1548339399.29399 0.390943 -1.99167 1.36818 0.168487 0.0624391 -0.0744912 -0.9809
1548339399.32757 0.392122 -1.99204 1.36855 0.165709 0.0629449 -0.080956 -0.980829
1548339399.36082 0.393712 -1.99238 1.36819 0.161931 0.0620183 -0.0910129 -0.980637
1548339399.39396 0.395002 -1.99207 1.36727 0.161416 0.0634881 -0.0960512 -0.980147
1548339399.42750 0.396189 -1.99163 1.36601 0.157967 0.0634744 -0.101336 -0.980178
1548339399.46081 0.397192 -1.99094 1.36442 0.156002 0.0613349 -0.106204 -0.980113
1548339399.49426 0.39841 -1.98984 1.3621 0.156727 0.059673 -0.111372 -0.979526
1548339399.52740 0.399395 -1.98879 1.3594 0.155604 0.0588407 -0.12114 -0.978596
1548339399.56105 0.400323 -1.98842 1.35662 0.154235 0.0559947 -0.127947 -0.978113
1548339399.59410 0.401332 -1.98787 1.35337 0.152738 0.0547361 -0.132695 -0.977787
1548339399.62761 0.401358 -1.98713 1.35068 0.150308 0.051524 -0.136595 -0.977801
1548339399.66084 0.401307 -1.98654 1.34725 0.15049 0.0485982 -0.138516 -0.977652
1548339399.69412 0.400741 -1.98619 1.34364 0.149245 0.0471124 -0.140602 -0.977618
1548339399.72752 0.399506 -1.98578 1.33988 0.146021 0.0472058 -0.143625 -0.977661
1548339399.76101 0.397755 -1.9854 1.33649 0.144577 0.0479072 -0.142421 -0.978018
1548339399.79415 0.395828 -1.98438 1.33309 0.144478 0.0470288 -0.144524 -0.977767
1548339399.82733 0.394532 -1.98361 1.33011 0.142369 0.0477903 -0.145528 -0.97789
1548339399.86075 0.393319 -1.9826 1.32757 0.141541 0.0475294 -0.147595 -0.977713
1548339399.89399 0.392496 -1.98156 1.32547 0.140415 0.0484373 -0.150259 -0.977425
1548339399.92724 0.391936 -1.97992 1.32309 0.14066 0.0477819 -0.156226 -0.976486
1548339399.96063 0.39169 -1.97852 1.32085 0.139957 0.0471819 -0.158833 -0.976196
1548339399.99409 0.391263 -1.9767 1.31855 0.140808 0.0467539 -0.164101 -0.975222
1548339400.02734 0.39116 -1.97535 1.31638 0.139176 0.048181 -0.169974 -0.974381
1548339400.06089 0.391085 -1.97436 1.31452 0.13835 0.0498189 -0.169719 -0.97446
1548339400.09393 0.390631 -1.97267 1.31253 0.139287 0.0477747 -0.175254 -0.973449
1548339400.12731 0.390389 -1.97111 1.31124 0.137163 0.0483716 -0.180429 -0.972775
1548339400.16075 0.389911 -1.96933 1.31006 0.1391 0.0479349 -0.184345 -0.971787
1548339400.19399 0.389787 -1.96762 1.30915 0.136683 0.0474464 -0.191184 -0.970832
1548339400.22758 0.389592 -1.96598 1.30831 0.13584 0.0484448 -0.199374 -0.969253
1548339400.26101 0.389557 -1.96464 1.30767 0.137304 0.0471899 -0.205354 -0.967859
1548339400.29419 0.390041 -1.96389 1.30791 0.135619 0.0458848 -0.20905 -0.967368
1548339400.32753 0.390355 -1.96286 1.30874 0.135675 0.0458284 -0.21611 -0.96581
1548339400.36055 0.390644 -1.96191 1.31051 0.13517 0.0459276 -0.22036 -0.964915
1548339400.39435 0.390832 -1.96098 1.3131 0.135638 0.0456109 -0.223999 -0.964026
1548339400.42764 0.390688 -1.95999 1.31616 0.13709 0.0485251 -0.228776 -0.962556
1548339400.46084 0.390441 -1.95905 1.31916 0.138624 0.0505459 -0.232162 -0.96142
1548339400.49425 0.390016 -1.95781 1.32172 0.1397 0.0529206 -0.23629 -0.96013
1548339400.52750 0.389454 -1.9563 1.32399 0.137568 0.0539657 -0.242176 -0.958913
1548339400.56094 0.388704 -1.95465 1.32592 0.137547 0.0536132 -0.245588 -0.958067
1548339400.59396 0.388151 -1.95263 1.32664 0.142459 0.0563204 -0.250511 -0.955917
1548339400.62746 0.387335 -1.95084 1.32785 0.143817 0.0569003 -0.254026 -0.954751
1548339400.66074 0.38687 -1.94978 1.32917 0.144851 0.0583909 -0.256203 -0.953923
1548339400.69405 0.386443 -1.94903 1.33072 0.144985 0.061483 -0.259317 -0.952866
1548339400.72731 0.386327 -1.94839 1.33213 0.14542 0.0621693 -0.265459 -0.951063
1548339400.76074 0.386608 -1.94722 1.33417 0.144193 0.0659391 -0.268971 -0.950008
1548339400.79414 0.387038 -1.94633 1.33562 0.142392 0.0660957 -0.27555 -0.948382
1548339400.82712 0.387555 -1.94519 1.33677 0.141781 0.0676627 -0.282292 -0.946378
1548339400.86051 0.388069 -1.94445 1.33801 0.141367 0.0695616 -0.284845 -0.945537
1548339400.89398 0.388554 -1.94351 1.33896 0.139066 0.070671 -0.288947 -0.944551
1548339400.92740 0.388707 -1.94244 1.33949 0.139231 0.0716404 -0.293128 -0.943164
1548339400.96063 0.388898 -1.94118 1.33983 0.137158 0.0726947 -0.297096 -0.942145
1548339400.99425 0.389295 -1.93981 1.33956 0.13731 0.0719482 -0.299976 -0.941267
1548339401.02773 0.389227 -1.93806 1.33899 0.136389 0.072571 -0.304475 -0.939908
1548339401.06064 0.389173 -1.93618 1.33828 0.136393 0.0726576 -0.307579 -0.938889
1548339401.09442 0.389225 -1.93409 1.33746 0.135417 0.0703794 -0.310723 -0.938169
1548339401.12745 0.389236 -1.93219 1.33665 0.135183 0.0706893 -0.311926 -0.93778
1548339401.16082 0.389 -1.9303 1.33546 0.134149 0.0681618 -0.313509 -0.937587
1548339401.19407 0.388537 -1.92865 1.33395 0.133567 0.067145 -0.312077 -0.938222
1548339401.22750 0.387572 -1.92713 1.33208 0.133802 0.0669725 -0.310613 -0.938686
1548339401.26100 0.386296 -1.92571 1.33012 0.135306 0.0683431 -0.307104 -0.939526
1548339401.29443 0.385061 -1.92451 1.32787 0.134787 0.06742 -0.303528 -0.940828
1548339401.32766 0.38388 -1.92364 1.32508 0.133927 0.0662886 -0.300858 -0.941888
1548339401.36100 0.382898 -1.92405 1.32266 0.133936 0.0675932 -0.297555 -0.942843
1548339401.39376 0.381631 -1.92429 1.32055 0.132996 0.0643874 -0.289717 -0.945638
1548339401.42702 0.380659 -1.92559 1.31821 0.131995 0.0646165 -0.286191 -0.946835
1548339401.46062 0.37915 -1.92653 1.31644 0.132018 0.0626175 -0.278263 -0.949326
1548339401.49416 0.377711 -1.92824 1.31501 0.131262 0.0625684 -0.269026 -0.952093
1548339401.52735 0.376364 -1.92962 1.31316 0.133065 0.0619501 -0.262277 -0.953764
1548339401.56075 0.374551 -1.93102 1.31161 0.133913 0.0597893 -0.255223 -0.955695
1548339401.59389 0.372477 -1.93249 1.31068 0.134395 0.059332 -0.247018 -0.95781
1548339401.62727 0.370293 -1.93367 1.30985 0.137086 0.0590547 -0.239763 -0.959288
1548339401.66090 0.368528 -1.93547 1.30919 0.138995 0.0609946 -0.232295 -0.960728
1548339401.69402 0.366483 -1.93708 1.30884 0.140038 0.057817 -0.224975 -0.962514
1548339401.72738 0.364728 -1.93906 1.30901 0.142406 0.0574322 -0.215929 -0.96426
1548339401.76082 0.362832 -1.94099 1.30947 0.144023 0.0570483 -0.207237 -0.965948
1548339401.79416 0.361035 -1.94306 1.31003 0.146354 0.0565858 -0.200294 -0.967089
1548339401.82747 0.359044 -1.94533 1.31083 0.148202 0.0557724 -0.192129 -0.96851
1548339401.86090 0.357041 -1.9479 1.31169 0.149876 0.0543527 -0.181817 -0.970322
1548339401.89420 0.354979 -1.9505 1.31286 0.153434 0.0549766 -0.172996 -0.971343
1548339401.92752 0.353002 -1.95322 1.31413 0.154941 0.0531297 -0.168263 -0.972038
1548339401.96102 0.350904 -1.95628 1.31552 0.155427 0.0531276 -0.159961 -0.973361
1548339401.99416 0.348732 -1.95928 1.31698 0.157086 0.0525728 -0.151303 -0.974509
1548339402.02764 0.346636 -1.9622 1.31882 0.158778 0.0521901 -0.142724 -0.975549
1548339402.06046 0.344591 -1.96498 1.32111 0.159346 0.0515986 -0.133677 -0.976768
1548339402.09400 0.342662 -1.96746 1.32338 0.161106 0.050028 -0.125643 -0.977628
1548339402.12744 0.340649 -1.96972 1.32571 0.163433 0.049472 -0.115974 -0.978464
1548339402.16101 0.338348 -1.97198 1.32824 0.164826 0.0490123 -0.110026 -0.978941
1548339402.19412 0.336058 -1.97437 1.33064 0.166364 0.0479147 -0.101421 -0.979664
1548339402.22723 0.334096 -1.97677 1.3328 0.168797 0.0465888 -0.0881319 -0.980597
1548339402.26060 0.331897 -1.9789 1.33512 0.17008 0.0449107 -0.0826241 -0.980933
1548339402.29394 0.329583 -1.98084 1.33765 0.171852 0.0440812 -0.0762876 -0.981175
1548339402.32730 0.328062 -1.9831 1.34021 0.173048 0.0403241 -0.0695539 -0.981627
1548339402.36069 0.326277 -1.9843 1.3426 0.173958 0.0416066 -0.0625024 -0.981886
1548339402.39402 0.324627 -1.98541 1.34535 0.175126 0.0382222 -0.0600623 -0.981969
1548339402.42727 0.323185 -1.98682 1.34786 0.179318 0.0398312 -0.0501772 -0.981703
1548339402.46079 0.321509 -1.98795 1.35056 0.179731 0.0342546 -0.0463378 -0.982027
1548339402.49415 0.320141 -1.98934 1.35288 0.181414 0.0328999 -0.0410411 -0.981999
1548339402.52743 0.318438 -1.99081 1.35543 0.181852 0.0307905 -0.0311893 -0.982349
1548339402.56033 0.316507 -1.99259 1.358 0.181701 0.0311701 -0.0247509 -0.982548
1548339402.59423 0.314177 -1.99458 1.36011 0.18352 0.0288031 -0.0169524 -0.982448
1548339402.62767 0.311819 -1.99695 1.36193 0.184855 0.0272481 -0.00312555 -0.982383
1548339402.66082 0.309401 -1.99936 1.36368 0.184722 0.0259383 0.00484403 -0.982436
1548339402.69399 0.306721 -2.002 1.36514 0.184355 0.0248424 0.0121977 -0.98247
1548339402.72761 0.303713 -2.00502 1.36606 0.181083 0.0242147 0.0230259 -0.9829
1548339402.76093 0.300064 -2.00835 1.36656 0.183562 0.0229929 0.0291396 -0.982307
1548339402.79438 0.296354 -2.01216 1.36695 0.180362 0.0231538 0.0370613 -0.982629
1548339402.82763 0.29207 -2.01599 1.36711 0.176938 0.0223258 0.0490139 -0.982747
1548339402.86080 0.288012 -2.01958 1.3668 0.179529 0.021174 0.0552134 -0.981974
1548339402.89410 0.28394 -2.02321 1.36657 0.174768 0.0223281 0.0659818 -0.982143
1548339402.92768 0.280236 -2.02744 1.36671 0.17171 0.019357 0.0758685 -0.982031
1548339402.96097 0.276538 -2.0302 1.36583 0.169793 0.0186249 0.0817994 -0.981902
1548339402.99400 0.272795 -2.03237 1.36437 0.177087 0.0167862 0.0836527 -0.98049
1548339403.02732 0.269478 -2.03513 1.3628 0.17725 0.0152212 0.0934776 -0.979598
1548339403.06044 0.265761 -2.03814 1.36091 0.178194 0.0118027 0.0994668 -0.978884
1548339403.09395 0.261771 -2.04132 1.35911 0.177245 0.0117295 0.10285 -0.978708
1548339403.12725 0.257355 -2.04484 1.35722 0.17821 0.0111538 0.107889 -0.977996
1548339403.16057 0.252417 -2.04906 1.35488 0.177105 0.0117338 0.113401 -0.977566
1548339403.19402 0.247226 -2.05374 1.35194 0.177196 0.0120329 0.118195 -0.976978
1548339403.22730 0.241559 -2.05878 1.34935 0.175547 0.0121613 0.125966 -0.976303
1548339403.26075 0.23573 -2.06375 1.34634 0.176686 0.0122137 0.129076 -0.975691
1548339403.29396 0.229966 -2.06911 1.34259 0.179029 0.0103234 0.132933 -0.974767
1548339403.32753 0.224208 -2.07461 1.33856 0.180431 0.0079945 0.142016 -0.973248
1548339403.36083 0.219029 -2.07966 1.33448 0.182311 0.0055967 0.142765 -0.972805
1548339403.39428 0.214791 -2.08458 1.33009 0.183994 0.00271549 0.141629 -0.972667
1548339403.42763 0.211137 -2.0895 1.32554 0.18567 -0.00143881 0.141992 -0.972298
1548339403.46069 0.207574 -2.09389 1.32133 0.187605 -0.00557698 0.14277 -0.971797
1548339403.49418 0.204266 -2.09821 1.31754 0.186488 -0.00877988 0.142032 -0.972097
1548339403.52771 0.200912 -2.10177 1.3135 0.191121 -0.0137014 0.142218 -0.971112
1548339403.56089 0.197576 -2.10542 1.31043 0.193674 -0.0175349 0.145523 -0.970055
1548339403.59421 0.194091 -2.10903 1.30792 0.195128 -0.0200224 0.144526 -0.969864
1548339403.62765 0.190373 -2.11307 1.30572 0.195442 -0.0237878 0.146974 -0.969348
1548339403.66100 0.186278 -2.11761 1.30458 0.192515 -0.0253286 0.150542 -0.969347
1548339403.69404 0.181574 -2.12184 1.30392 0.191481 -0.0257788 0.150782 -0.969503
1548339403.72745 0.176245 -2.12695 1.30416 0.190607 -0.0260285 0.15376 -0.9692
1548339403.76083 0.170045 -2.13232 1.30463 0.190102 -0.0274259 0.159019 -0.968412
1548339403.79430 0.163339 -2.13854 1.30628 0.188888 -0.0251043 0.165144 -0.967687
1548339403.82753 0.156092 -2.14482 1.30861 0.182637 -0.0249791 0.168846 -0.968251
1548339403.86047 0.148833 -2.15134 1.31103 0.181382 -0.0209177 0.175954 -0.967318
1548339403.89386 0.141271 -2.15788 1.3137 0.186119 -0.0195608 0.1822 -0.965288
1548339403.92749 0.133746 -2.16417 1.31644 0.18006 -0.0161846 0.189558 -0.965083
1548339403.96050 0.126715 -2.17117 1.31997 0.179941 -0.0125906 0.196667 -0.963735
1548339403.99395 0.119772 -2.17781 1.32378 0.177744 -0.0113169 0.2063 -0.962143
1548339404.02751 0.11342 -2.1839 1.32752 0.180071 -0.0105713 0.213019 -0.960253
1548339404.06077 0.107677 -2.18925 1.3316 0.180455 -0.0103355 0.216611 -0.959379
1548339404.09419 0.102463 -2.19434 1.33546 0.182048 -0.0100655 0.221021 -0.958075
1548339404.12734 0.0978167 -2.19901 1.33912 0.183888 -0.00958884 0.224695 -0.956873
1548339404.16074 0.0942166 -2.20403 1.34283 0.183048 -0.0103079 0.227473 -0.95637
1548339404.19395 0.0909632 -2.20749 1.34566 0.186184 -0.00922783 0.231697 -0.95476
1548339404.22765 0.088352 -2.2109 1.3486 0.189159 -0.00874176 0.234897 -0.953397
1548339404.26101 0.0862161 -2.2138 1.35147 0.191876 -0.00897382 0.236052 -0.952567
1548339404.29436 0.0846579 -2.21622 1.35411 0.195663 -0.0115691 0.235429 -0.951922
1548339404.32769 0.0835978 -2.21824 1.35647 0.199424 -0.0116187 0.233202 -0.951689
1548339404.36096 0.0826433 -2.22024 1.35826 0.200569 -0.0119953 0.233117 -0.951465
1548339404.39411 0.0817497 -2.22242 1.35966 0.20243 -0.0134755 0.234073 -0.950816
1548339404.42766 0.0810973 -2.22452 1.36055 0.204227 -0.0148165 0.231396 -0.951067
1548339404.46101 0.0802585 -2.22682 1.36076 0.20438 -0.0162348 0.231765 -0.950921
1548339404.49426 0.0789856 -2.22837 1.36002 0.194388 -0.0096274 0.242478 -0.950434
1548339404.52762 0.0779033 -2.23123 1.35919 0.206193 -0.019738 0.232592 -0.950261
1548339404.56074 0.0762819 -2.23332 1.35724 0.207074 -0.0212908 0.233858 -0.949725
1548339404.59413 0.0744978 -2.23532 1.35452 0.203649 -0.0205663 0.241099 -0.948671
1548339404.62743 0.073012 -2.23727 1.35144 0.202618 -0.021808 0.241226 -0.948831
1548339404.66050 0.0715019 -2.23925 1.34846 0.202098 -0.0244791 0.242474 -0.948559
1548339404.69387 0.0699855 -2.24146 1.34555 0.19837 -0.0275907 0.246373 -0.948255
1548339404.72747 0.0684237 -2.24236 1.34185 0.202603 -0.0314839 0.245153 -0.947555
1548339404.76075 0.0670319 -2.244 1.33827 0.199428 -0.0326229 0.244046 -0.948476
1548339404.79427 0.0654043 -2.24579 1.33481 0.196951 -0.0349854 0.246615 -0.948245
1548339404.82745 0.0637564 -2.24711 1.33131 0.194849 -0.036206 0.246291 -0.948717
1548339404.86060 0.0618948 -2.24828 1.32762 0.192327 -0.036472 0.245608 -0.949398
1548339404.89413 0.0593518 -2.24944 1.32373 0.190574 -0.0378545 0.248077 -0.949055
1548339404.92740 0.0561237 -2.25044 1.3198 0.188771 -0.0365499 0.24906 -0.949209
1548339404.96075 0.0527535 -2.25118 1.31553 0.187949 -0.0359636 0.24914 -0.949374
1548339404.99397 0.0490792 -2.2524 1.31121 0.187315 -0.0376647 0.254498 -0.948011
1548339405.02765 0.0453987 -2.2538 1.30688 0.186952 -0.0407187 0.259746 -0.946532
1548339405.06071 0.0422446 -2.25485 1.30307 0.18596 -0.044476 0.261863 -0.945975
1548339405.09406 0.039401 -2.25676 1.30013 0.182139 -0.0463696 0.265329 -0.945662
1548339405.12754 0.0372132 -2.25826 1.29734 0.181349 -0.0508052 0.267779 -0.944895
1548339405.16096 0.035435 -2.25842 1.29479 0.169987 -0.0599477 0.264279 -0.947453
1548339405.19417 0.0342145 -2.26027 1.29428 0.176877 -0.0563025 0.268174 -0.945319
1548339405.22751 0.0332875 -2.26062 1.29371 0.177454 -0.0601289 0.266264 -0.945515
1548339405.26095 0.0322731 -2.26043 1.29405 0.176538 -0.0598186 0.267461 -0.945368
1548339405.29416 0.0312224 -2.25888 1.294 0.169696 -0.0670121 0.262752 -0.947457
1548339405.32765 0.0302983 -2.25881 1.29636 0.177868 -0.0577397 0.267464 -0.945247
1548339405.36061 0.0293084 -2.25799 1.29816 0.180434 -0.0563435 0.26735 -0.944877
1548339405.39400 0.0280919 -2.2572 1.30024 0.179567 -0.0559266 0.265962 -0.945459
1548339405.42734 0.0270879 -2.25688 1.30312 0.179773 -0.0522246 0.266632 -0.945442
1548339405.46082 0.0260456 -2.25675 1.30633 0.180681 -0.0493611 0.266364 -0.945499
1548339405.49390 0.0252349 -2.25705 1.30994 0.184792 -0.0436052 0.268806 -0.944295
1548339405.52754 0.0248099 -2.25648 1.31344 0.186786 -0.042314 0.266614 -0.944583
1548339405.56048 0.0245358 -2.25607 1.31717 0.187139 -0.0383496 0.264398 -0.945305
1548339405.59374 0.0244696 -2.25547 1.32096 0.187541 -0.0345628 0.26366 -0.945578
1548339405.62727 0.0244878 -2.25465 1.32462 0.189234 -0.0307855 0.262103 -0.945804
1548339405.66086 0.0246752 -2.25369 1.32791 0.191069 -0.0269832 0.260571 -0.945974
1548339405.69414 0.0251119 -2.25232 1.33085 0.193227 -0.023393 0.259196 -0.946009
1548339405.72753 0.0257355 -2.25079 1.33363 0.196164 -0.0204322 0.257857 -0.945839
1548339405.76079 0.0266394 -2.2495 1.33606 0.198148 -0.018107 0.255921 -0.945999
1548339405.79423 0.0280172 -2.24848 1.33793 0.200364 -0.0169759 0.254152 -0.94603
1548339405.82769 0.029362 -2.24763 1.33961 0.200823 -0.0151907 0.251913 -0.946562
1548339405.86112 0.0307075 -2.24698 1.34096 0.202726 -0.0150607 0.249734 -0.946736
1548339405.89394 0.0318803 -2.24647 1.34193 0.203115 -0.0148348 0.247755 -0.947176
1548339405.92764 0.0328962 -2.24588 1.3425 0.203255 -0.0147546 0.245196 -0.947813
1548339405.96089 0.0335327 -2.24553 1.34292 0.203527 -0.0144894 0.244905 -0.947834
1548339405.99436 0.0339057 -2.24547 1.343 0.204011 -0.0146715 0.245424 -0.947593
1548339406.02760 0.0342289 -2.24559 1.34275 0.204008 -0.015242 0.246092 -0.947411
1548339406.06101 0.034561 -2.24578 1.34242 0.20364 -0.0159167 0.245636 -0.947597
1548339406.09413 0.0350032 -2.24616 1.34199 0.20286 -0.0166659 0.244606 -0.948018
1548339406.12762 0.0356772 -2.24646 1.34144 0.201984 -0.0173308 0.24424 -0.948287
1548339406.16090 0.0366194 -2.24667 1.34086 0.20184 -0.0191544 0.243937 -0.948361
1548339406.19414 0.0377691 -2.24683 1.34002 0.201086 -0.0207049 0.24228 -0.948913
1548339406.22739 0.0390883 -2.2467 1.33886 0.200658 -0.0215445 0.241585 -0.949162
1548339406.26063 0.040509 -2.24624 1.33739 0.199471 -0.0222169 0.239493 -0.949927
1548339406.29411 0.0419797 -2.24565 1.33566 0.200091 -0.023073 0.237905 -0.950175
1548339406.32744 0.043566 -2.24501 1.33358 0.199402 -0.0237286 0.236612 -0.950626
1548339406.36086 0.0456586 -2.2441 1.33108 0.199933 -0.0237051 0.233098 -0.951383
1548339406.39397 0.0479033 -2.24288 1.32865 0.199196 -0.02438 0.230904 -0.952056
1548339406.42746 0.0507061 -2.24126 1.32628 0.198463 -0.0253208 0.227105 -0.953097
1548339406.46080 0.0538471 -2.23971 1.32402 0.198229 -0.0265475 0.222017 -0.954311
1548339406.49388 0.0570165 -2.23831 1.32181 0.196863 -0.0286885 0.219091 -0.955207
1548339406.52743 0.0599184 -2.23716 1.32002 0.19566 -0.0296966 0.215259 -0.956294
1548339406.56089 0.0627329 -2.23564 1.31806 0.193981 -0.0298598 0.21272 -0.957199
1548339406.59399 0.0652342 -2.23409 1.3163 0.194013 -0.0328834 0.208914 -0.957932
1548339406.62770 0.0669717 -2.23322 1.31513 0.190855 -0.0310281 0.206628 -0.959123
1548339406.66103 0.0684938 -2.23193 1.31413 0.188508 -0.031165 0.203401 -0.960271
1548339406.69418 0.0695123 -2.23122 1.31317 0.187323 -0.0304777 0.201962 -0.960829
1548339406.72773 0.0702652 -2.23088 1.31238 0.186617 -0.0298305 0.202163 -0.960945
1548339406.76107 0.0709384 -2.23027 1.31199 0.185503 -0.0290232 0.200581 -0.961516
1548339406.79388 0.0715639 -2.22964 1.31182 0.184 -0.027815 0.199226 -0.962122
1548339406.82741 0.0722828 -2.22894 1.31157 0.183304 -0.0269339 0.198233 -0.962485
1548339406.86082 0.0731711 -2.2282 1.31133 0.182026 -0.0281389 0.196614 -0.963025
1548339406.89433 0.0741474 -2.22764 1.31146 0.181063 -0.0283849 0.195698 -0.963386
1548339406.92762 0.0748659 -2.22709 1.31202 0.18048 -0.0283612 0.194896 -0.963659
1548339406.96103 0.0753508 -2.22634 1.3127 0.182449 -0.0278754 0.194347 -0.963413
