#Stereo rect[ms], MP culling[ms], MP creation[ms], LBA[ms], KF culling[ms], Total[ms]
0.979321,0.035641,0.617404,0.003989,0.003989,1.640439
13.584922,0.288167,1577.233332,0.000974,0.000974,1591.108798
2.675656,0.216620,79.182454,0.252266,0.252266,106.686293
8.923085,0.308325,69.936703,0.236786,0.236786,93.839014
3.290288,0.383963,127.315987,0.462226,0.462226,149.691538
5.727144,0.367100,253.495692,0.612896,0.612896,285.048887
2.981010,0.800864,192.905709,0.495374,0.495374,218.968112
4.096916,0.909171,356.595683,0.663732,0.663732,386.443814
3.901313,0.994642,407.272501,1.184365,1.184365,452.968009
4.751544,1.029422,514.949744,1.406302,1.406302,809.376636
3.721650,1.346536,614.500027,2.123911,2.123911,777.440635
3.870406,1.784759,594.877624,2.098472,2.098472,827.168810
4.034771,1.854117,442.147218,1.540902,1.540902,508.926663
4.676889,1.853608,499.448143,1.893139,1.893139,760.721186
3.960389,1.895102,697.972494,3.066383,3.066383,965.053387
4.285601,1.408104,613.695836,2.832584,2.832584,988.828622
4.198862,2.639025,538.251494,4.023949,4.023949,963.360178
3.394971,1.952809,611.714150,3.574066,3.574066,953.677840
4.551499,2.389759,521.537600,4.595914,4.595914,888.782380
4.884498,2.187259,516.387624,4.681431,4.681431,875.424918
4.780387,1.876673,530.533270,2.793859,2.793859,875.008425
4.408376,1.672369,527.550041,6.647837,6.647837,870.359440
3.912938,1.140808,588.617623,9.434093,9.434093,886.185759
4.731973,1.671140,955.350844,7.848708,7.848708,1036.220954
6.127242,1.527812,509.256012,6.285581,6.285581,813.354165
8.830584,0.844739,467.253066,5.031437,5.031437,794.621079
5.235679,1.054858,488.831157,11.079048,11.079048,822.681556
4.824436,0.698549,542.234309,7.552495,7.552495,887.767869
3.208510,0.915693,629.633444,6.489708,6.489708,848.805986
4.331416,0.916993,568.995028,6.533407,6.533407,874.207651
5.887826,0.970802,551.242365,5.329307,5.329307,811.060868
6.047761,0.688936,544.988335,6.878300,6.878300,851.430928
5.471097,0.834471,525.959343,11.188817,11.188817,830.350111
4.593404,1.407240,526.425911,4.307381,4.307381,608.150967
5.909755,1.228698,640.654052,7.263395,7.263395,831.290505
3.675129,0.594132,506.356543,4.743677,4.743677,598.038271
5.001295,1.333938,543.679066,6.576417,6.576417,910.476351
3.564194,1.441967,552.134664,6.312417,6.312417,817.690407
3.608469,1.564620,417.395978,5.817459,5.817459,480.285254
6.628671,1.226387,468.879092,3.594149,3.594149,524.052874
4.708375,1.082050,519.221647,6.698413,6.698413,711.267989
2.920702,1.304695,462.146503,3.556931,3.556931,677.245307
3.372715,1.369645,372.861287,3.041377,3.041377,429.059208
4.778998,0.977455,415.097951,3.125058,3.125058,474.475489
4.221656,1.182005,474.736480,7.172816,7.172816,697.635537
2.939332,1.279535,311.325444,2.766225,2.766225,373.199828
6.225574,1.068627,299.658020,8.085864,8.085864,364.142385
4.042080,0.895485,315.778352,3.229393,3.229393,372.751700
4.511685,1.078521,375.011711,4.784068,4.784068,438.086293
4.109245,0.849173,219.970399,9.851377,9.851377,273.897311
4.600303,0.602823,186.471601,2.806059,2.806059,237.033857
4.455261,0.598615,303.103348,3.314551,3.314551,365.737668
3.991550,0.413139,188.472778,4.830275,4.830275,251.159511
4.458660,0.511755,151.114944,3.937996,3.937996,202.581267
4.792858,0.531710,154.582895,3.556790,3.556790,212.133136
3.121990,0.390662,136.686786,3.504734,3.504734,187.600848
3.997010,0.362250,202.135775,3.325016,3.325016,261.974340
2.922321,0.432897,278.625879,2.763848,2.763848,341.942399
3.962224,0.581381,213.368095,3.069216,3.069216,272.020022
15.465838,0.421454,177.574524,9.680467,9.680467,255.379227
6.356090,0.380727,88.837160,3.679391,3.679391,147.861461
3.794977,0.355644,126.314474,9.402739,9.402739,180.061225
4.328635,0.332185,87.560644,2.136468,2.136468,143.301492
16.225994,0.309813,149.105787,9.713401,9.713401,225.199811
7.404208,0.303455,107.135454,3.268663,3.268663,164.205699
11.366197,0.291112,181.917550,3.089852,3.089852,247.222759
4.014225,0.256058,89.922454,2.485137,2.485137,155.599944
8.605358,0.354945,93.776156,2.297260,2.297260,163.688558
4.042947,0.346009,81.523921,2.634988,2.634988,141.534057
7.142011,0.233155,71.276494,3.432041,3.432041,123.966723
4.708069,0.426997,61.156570,2.654549,2.654549,95.488244
14.448325,0.198804,50.702209,2.967405,2.967405,98.944546
20.008974,0.228827,337.660875,2.792792,2.792792,380.410922
21.232097,0.387622,92.890446,3.107455,3.107455,149.745219
12.345501,0.379316,153.684696,1.069405,1.069405,180.154126
6.375101,0.590499,73.554077,1.116882,1.116882,96.984768
4.667978,0.486932,248.975229,1.145965,1.145965,269.658510
5.066378,0.506134,268.439431,1.530306,1.530306,295.953738
5.793133,0.485284,391.774671,2.591472,2.591472,439.298818
6.068990,0.740946,343.853138,2.484303,2.484303,389.121409
5.588591,0.697567,377.786145,1.859397,1.859397,427.849648
6.278772,0.831892,460.113204,3.913795,3.913795,521.660957
4.009210,0.868042,477.508200,3.379466,3.379466,540.324036
5.297794,1.640877,652.451751,4.488929,4.488929,862.007679
3.409426,1.411530,576.878029,8.592556,8.592556,824.207373
4.367529,1.839396,579.426577,4.251596,4.251596,814.967830
4.571043,0.951356,733.723262,5.894975,5.894975,958.944663
4.799382,1.825504,701.267165,6.171719,6.171719,957.110226
5.052248,2.613466,738.467168,10.059716,10.059716,923.247383
12.513956,2.490020,795.889956,5.305642,5.305642,957.303217
5.283139,1.878791,931.604973,2.512286,2.512286,996.575544
7.864554,1.298913,1060.916626,8.138972,8.138972,1154.655166
6.475154,1.810028,734.117255,18.656194,18.656194,957.397973
5.990549,1.376341,1022.704948,6.161755,6.161755,1134.920136
8.698520,1.694057,1075.050693,9.299521,9.299521,1197.920356
6.362603,1.677587,1041.027478,14.912298,14.912298,1148.596589
5.369096,1.667107,958.709498,7.745449,7.745449,1077.430397
6.238715,1.859869,1055.695249,7.458152,7.458152,1173.315699
6.231292,2.077849,1041.740360,7.685465,7.685465,1164.756163
13.882053,3.146914,1034.568794,12.785289,12.785289,1134.017867
7.706514,1.567466,1108.001410,4.246684,4.246684,1201.341833
5.011904,1.600877,1089.604658,5.573070,5.573070,1191.909748
4.969306,1.524846,1084.998882,17.616878,17.616878,1208.276740
5.275738,2.009189,1111.972774,7.295068,7.295068,1233.296673
12.020476,2.476157,1124.831117,18.772677,18.772677,1244.800091
7.807268,2.927327,1109.496046,5.953469,5.953469,1213.001442
8.182327,2.366368,976.046379,17.461830,17.461830,1105.937789
5.283291,2.226221,1051.520372,8.301645,8.301645,1161.982498
6.203304,1.486201,1129.303414,8.896626,8.896626,1256.729288
3.788116,2.281352,1157.306098,10.609216,10.609216,1292.568944
4.574963,2.592084,740.728547,10.168152,10.168152,916.272332
20.235908,1.936955,614.126121,22.810962,22.810962,859.703956
17.002421,1.797588,480.528581,9.239107,9.239107,843.842451
5.844941,1.244491,503.705782,10.260626,10.260626,816.108274
5.989750,1.631593,433.260424,18.225126,18.225126,547.041821
16.524435,1.351071,421.479969,22.703541,22.703541,539.533764
5.219338,1.080870,333.693060,23.692870,23.692870,481.492437
7.867261,0.545725,246.795679,18.359276,18.359276,370.291001
20.843806,0.706329,180.706282,5.847048,5.847048,289.455330
9.414513,0.704160,130.083783,9.166328,9.166328,264.301116
9.217676,0.508821,45.461737,23.013492,23.013492,215.553202
8.187304,0.592997,976.327062,19.523314,19.523314,1122.369149
5.124351,1.363291,936.186966,7.217588,7.217588,1029.991236
5.944825,1.729986,858.739752,3.937821,3.937821,930.183902
5.290108,1.587847,173.009012,5.308794,5.308794,238.972773
