-1.344767570495605469e+01 -6.081291198730468750e+00 -8.830331802368164062e+00 -4.368530958890914917e-02 -1.518446952104568481e-02 4.922686219215393066e-01 8.692137598991394043e-01
-1.337118339538574219e+01 -6.023404598236083984e+00 -8.608345985412597656e+00 -4.504632949829101562e-02 -1.559353899210691452e-02 4.918406903743743896e-01 8.693793416023254395e-01
-1.329006671905517578e+01 -5.957532405853271484e+00 -8.393341064453125000e+00 -4.626354202628135681e-02 -1.594141125679016113e-02 4.914810061454772949e-01 8.695125579833984375e-01
-1.320478343963623047e+01 -5.884927749633789062e+00 -8.185302734375000000e+00 -4.734366387128829956e-02 -1.623088307678699493e-02 4.911829531192779541e-01 8.696173429489135742e-01
-1.311519718170166016e+01 -5.805918216705322266e+00 -7.984685420989990234e+00 -4.829218611121177673e-02 -1.646417006850242615e-02 4.909395277500152588e-01 8.696982264518737793e-01
-1.302052211761474609e+01 -5.719984531402587891e+00 -7.792675495147705078e+00 -4.911527782678604126e-02 -1.664388552308082581e-02 4.907441437244415283e-01 8.697590827941894531e-01
-1.291894245147705078e+01 -5.625419616699218750e+00 -7.611988544464111328e+00 -4.981931671500205994e-02 -1.677276194095611572e-02 4.905896484851837158e-01 8.698037266731262207e-01
-1.280664730072021484e+01 -5.518327713012695312e+00 -7.449320316314697266e+00 -5.040998756885528564e-02 -1.685309410095214844e-02 4.904691576957702637e-01 8.698360919952392578e-01
-1.267690658569335938e+01 -5.393821716308593750e+00 -7.319798946380615234e+00 -5.089371278882026672e-02 -1.688753068447113037e-02 4.903757274150848389e-01 8.698599338531494141e-01
-1.252114486694335938e+01 -5.253139972686767578e+00 -7.259380340576171875e+00 -5.127609893679618835e-02 -1.687842234969139099e-02 4.903022348880767822e-01 8.698790669441223145e-01
-1.235301113128662109e+01 -5.117930889129638672e+00 -7.264750003814697266e+00 -5.156372115015983582e-02 -1.682863011956214905e-02 4.902418553829193115e-01 8.698970079421997070e-01
-1.218193817138671875e+01 -4.996500015258789062e+00 -7.306429862976074219e+00 -5.176228657364845276e-02 -1.674034260213375092e-02 4.901871681213378906e-01 8.699178695678710938e-01
-1.200991916656494141e+01 -4.886614799499511719e+00 -7.361036777496337891e+00 -5.187781155109405518e-02 -1.661623641848564148e-02 4.901314675807952881e-01 8.699446916580200195e-01
-1.183671569824218750e+01 -4.785391807556152344e+00 -7.418165683746337891e+00 -5.191668123006820679e-02 -1.645887643098831177e-02 4.900673329830169678e-01 8.699815273284912109e-01
-1.166326904296875000e+01 -4.689904689788818359e+00 -7.474485397338867188e+00 -5.188453570008277893e-02 -1.627055741846561432e-02 4.899877607822418213e-01 8.700317740440368652e-01
-1.148765373229980469e+01 -4.597146034240722656e+00 -7.529598236083984375e+00 -5.178761109709739685e-02 -1.605406776070594788e-02 4.898856878280639648e-01 8.700990676879882812e-01
-1.131014537811279297e+01 -4.506310939788818359e+00 -7.582794666290283203e+00 -5.163203924894332886e-02 -1.581187732517719269e-02 4.897539913654327393e-01 8.701868057250976562e-01
-1.113089656829833984e+01 -4.416926383972167969e+00 -7.633578777313232422e+00 -5.142389610409736633e-02 -1.554650906473398209e-02 4.895855486392974854e-01 8.702987432479858398e-01
-1.094975471496582031e+01 -4.328840255737304688e+00 -7.680879116058349609e+00 -5.116900429129600525e-02 -1.526040676981210709e-02 4.893729388713836670e-01 8.704383373260498047e-01
-1.076654720306396484e+01 -4.241841793060302734e+00 -7.723038673400878906e+00 -5.087350308895111084e-02 -1.495600305497646332e-02 4.891094267368316650e-01 8.706090450286865234e-01
-1.058169364929199219e+01 -4.155517101287841797e+00 -7.760192871093750000e+00 -5.054358765482902527e-02 -1.463613938540220261e-02 4.887876808643341064e-01 8.708143830299377441e-01
-1.039518642425537109e+01 -4.069821834564208984e+00 -7.791384696960449219e+00 -5.018825829029083252e-02 -1.430455222725868225e-02 4.883967936038970947e-01 8.710596561431884766e-01
-1.020700931549072266e+01 -3.984740018844604492e+00 -7.815241336822509766e+00 -4.982928559184074402e-02 -1.397170405834913254e-02 4.879117608070373535e-01 8.713575005531311035e-01
-1.001699829101562500e+01 -3.900558471679687500e+00 -7.826504230499267578e+00 -4.949162155389785767e-02 -1.364931557327508926e-02 4.873037636280059814e-01 8.717219829559326172e-01
-9.826207160949707031e+00 -3.816975116729736328e+00 -7.828154563903808594e+00 -4.920053482055664062e-02 -1.334959175437688828e-02 4.865438938140869141e-01 8.721674680709838867e-01
-9.635140419006347656e+00 -3.733801841735839844e+00 -7.820790767669677734e+00 -4.898051917552947998e-02 -1.308393944054841995e-02 4.856032729148864746e-01 8.727079629898071289e-01
-9.444267272949218750e+00 -3.650745153427124023e+00 -7.805182933807373047e+00 -4.885683581233024597e-02 -1.286454312503337860e-02 4.844529628753662109e-01 8.733571767807006836e-01
-9.253993988037109375e+00 -3.567365646362304688e+00 -7.782500267028808594e+00 -4.885390028357505798e-02 -1.270289067178964615e-02 4.830637574195861816e-01 8.741288781166076660e-01
-9.064620971679687500e+00 -3.483079195022583008e+00 -7.754271507263183594e+00 -4.899720475077629089e-02 -1.261118706315755844e-02 4.814061820507049561e-01 8.750361800193786621e-01
-8.876339912414550781e+00 -3.397165536880493164e+00 -7.722343444824218750e+00 -4.931107535958290100e-02 -1.260098442435264587e-02 4.794506132602691650e-01 8.760917186737060547e-01
-8.689258575439453125e+00 -3.308793783187866211e+00 -7.688841819763183594e+00 -4.982075840234756470e-02 -1.268429774791002274e-02 4.771669507026672363e-01 8.773076534271240234e-01
-8.503460884094238281e+00 -3.217063426971435547e+00 -7.656141757965087891e+00 -5.055074393749237061e-02 -1.287281792610883713e-02 4.745250046253204346e-01 8.786949515342712402e-01
-8.318837165832519531e+00 -3.121638774871826172e+00 -7.626407146453857422e+00 -5.152555182576179504e-02 -1.317815482616424561e-02 4.714936316013336182e-01 8.802643418312072754e-01
-8.134571075439453125e+00 -3.024117946624755859e+00 -7.600326538085937500e+00 -5.277003347873687744e-02 -1.361238863319158554e-02 4.680414199829101562e-01 8.820245265960693359e-01
-7.949950218200683594e+00 -2.926019191741943359e+00 -7.577960491180419922e+00 -5.430870503187179565e-02 -1.418710779398679733e-02 4.641361832618713379e-01 8.839835524559020996e-01
-7.764443874359130859e+00 -2.828521013259887695e+00 -7.559202671051025391e+00 -5.616605654358863831e-02 -1.491399854421615601e-02 4.597449898719787598e-01 8.861474990844726562e-01
-7.577626705169677734e+00 -2.732660531997680664e+00 -7.543826103210449219e+00 -5.836610496044158936e-02 -1.580466330051422119e-02 4.548339545726776123e-01 8.885211348533630371e-01
-7.389722347259521484e+00 -2.638367176055908203e+00 -7.530526161193847656e+00 -6.093274429440498352e-02 -1.687052287161350250e-02 4.493683576583862305e-01 8.911065459251403809e-01
-7.200985431671142578e+00 -2.545271635055541992e+00 -7.518632411956787109e+00 -6.388989090919494629e-02 -1.812336221337318420e-02 4.433122873306274414e-01 8.939037322998046875e-01
-7.010727405548095703e+00 -2.454789400100708008e+00 -7.509104251861572266e+00 -6.726120412349700928e-02 -1.957419887185096741e-02 4.366289079189300537e-01 8.969103097915649414e-01
-6.819916248321533203e+00 -2.365210533142089844e+00 -7.500120639801025391e+00 -7.106959819793701172e-02 -2.123452723026275635e-02 4.292799830436706543e-01 9.001205563545227051e-01
-6.628060817718505859e+00 -2.277535915374755859e+00 -7.492417812347412109e+00 -7.532247900962829590e-02 -2.310986816883087158e-02 4.212471246719360352e-01 9.035171866416931152e-01
-6.435683250427246094e+00 -2.190732479095458984e+00 -7.485138416290283203e+00 -7.996576279401779175e-02 -2.518387138843536377e-02 4.125965833663940430e-01 9.070476293563842773e-01
-6.236087322235107422e+00 -2.102907657623291016e+00 -7.478679656982421875e+00 -8.493023365736007690e-02 -2.743461914360523224e-02 4.034171998500823975e-01 9.106529951095581055e-01
-6.029992580413818359e+00 -2.012489557266235352e+00 -7.472150802612304688e+00 -9.014606475830078125e-02 -2.984001860022544861e-02 3.938000500202178955e-01 9.142783284187316895e-01
-5.816714286804199219e+00 -1.920937418937683105e+00 -7.466437339782714844e+00 -9.554463624954223633e-02 -3.237855806946754456e-02 3.838381469249725342e-01 9.178730845451354980e-01
-5.597000598907470703e+00 -1.826534390449523926e+00 -7.460566043853759766e+00 -1.010570079088211060e-01 -3.502817824482917786e-02 3.736268281936645508e-01 9.213920831680297852e-01
-5.370217323303222656e+00 -1.730659127235412598e+00 -7.455373287200927734e+00 -1.066150292754173279e-01 -3.776738420128822327e-02 3.632651269435882568e-01 9.247947335243225098e-01
-5.142561435699462891e+00 -1.634525060653686523e+00 -7.450270175933837891e+00 -1.121509298682212830e-01 -4.057447612285614014e-02 3.528529107570648193e-01 9.280467033386230469e-01
-4.916003227233886719e+00 -1.539661884307861328e+00 -7.445652961730957031e+00 -1.175980046391487122e-01 -4.342848062515258789e-02 3.424931466579437256e-01 9.311193227767944336e-01
-4.690656185150146484e+00 -1.445732355117797852e+00 -7.441350936889648438e+00 -1.228899732232093811e-01 -4.630804806947708130e-02 3.322909176349639893e-01 9.339895248413085938e-01
-4.466562271118164062e+00 -1.352568387985229492e+00 -7.437289714813232422e+00 -1.279615163803100586e-01 -4.919282719492912292e-02 3.223531544208526611e-01 9.366399645805358887e-01
-4.243537425994873047e+00 -1.260539531707763672e+00 -7.433701515197753906e+00 -1.327478289604187012e-01 -5.206177383661270142e-02 3.127882480621337891e-01 9.390586614608764648e-01
-4.021827220916748047e+00 -1.168981909751892090e+00 -7.430222034454345703e+00 -1.371856927871704102e-01 -5.489547550678253174e-02 3.037057816982269287e-01 9.412382245063781738e-01
-3.801102399826049805e+00 -1.078608393669128418e+00 -7.427279949188232422e+00 -1.412116885185241699e-01 -5.767386406660079956e-02 2.952165007591247559e-01 9.431756138801574707e-01
-3.581615209579467773e+00 -9.887414574623107910e-01 -7.424498081207275391e+00 -1.447639912366867065e-01 -6.037712469696998596e-02 2.874317467212677002e-01 9.448708891868591309e-01
-3.363179922103881836e+00 -8.997533917427062988e-01 -7.422104358673095703e+00 -1.477810293436050415e-01 -6.298658251762390137e-02 2.804629802703857422e-01 9.463265538215637207e-01
-3.145841836929321289e+00 -8.114550709724426270e-01 -7.420003414154052734e+00 -1.502010971307754517e-01 -6.548278033733367920e-02 2.744220197200775146e-01 9.475463628768920898e-01
-2.929553747177124023e+00 -7.238891720771789551e-01 -7.418231010437011719e+00 -1.519630849361419678e-01 -6.784739345312118530e-02 2.694199681282043457e-01 9.485340118408203125e-01
-2.714270591735839844e+00 -6.370910406112670898e-01 -7.416821002960205078e+00 -1.530058383941650391e-01 -7.006120681762695312e-02 2.655673921108245850e-01 9.492917060852050781e-01
-2.499973058700561523e+00 -5.510302782058715820e-01 -7.415769100189208984e+00 -1.532673835754394531e-01 -7.210576534271240234e-02 2.629737257957458496e-01 9.498183131217956543e-01
-2.286641120910644531e+00 -4.657092094421386719e-01 -7.415082454681396484e+00 -1.527102291584014893e-01 -7.396426051855087280e-02 2.617100179195404053e-01 9.501140713691711426e-01
-2.074289798736572266e+00 -3.811364769935607910e-01 -7.414871215820312500e+00 -1.513963788747787476e-01 -7.562750577926635742e-02 2.616987228393554688e-01 9.501965045928955078e-01
-1.863042593002319336e+00 -2.970837354660034180e-01 -7.415037631988525391e+00 -1.494126468896865845e-01 -7.708816975355148315e-02 2.628237903118133545e-01 9.500825405120849609e-01
-1.653014540672302246e+00 -2.133349627256393433e-01 -7.415654659271240234e+00 -1.468447148799896240e-01 -7.833878695964813232e-02 2.649678289890289307e-01 9.497850537300109863e-01
-1.444563865661621094e+00 -1.290832459926605225e-01 -7.416769027709960938e+00 -1.437779814004898071e-01 -7.937125861644744873e-02 2.680129706859588623e-01 9.493140578269958496e-01
-1.238546252250671387e+00 -4.237548634409904480e-02 -7.418325424194335938e+00 -1.402981132268905640e-01 -8.017756044864654541e-02 2.718407511711120605e-01 9.486783742904663086e-01
-1.037852406501770020e+00 5.280029028654098511e-02 -7.419861316680908203e+00 -1.364902257919311523e-01 -8.074996620416641235e-02 2.763324677944183350e-01 9.478872418403625488e-01
-8.512927293777465820e-01 1.702270507812500000e-01 -7.419578552246093750e+00 -1.324397474527359009e-01 -8.108048141002655029e-02 2.813700437545776367e-01 9.469510912895202637e-01
-7.080886960029602051e-01 3.347582817077636719e-01 -7.415907859802246094e+00 -1.282331049442291260e-01 -8.116157352924346924e-02 2.868358194828033447e-01 9.458828568458557129e-01
-6.115412712097167969e-01 5.292236208915710449e-01 -7.410710334777832031e+00 -1.239567920565605164e-01 -8.098573982715606689e-02 2.926128208637237549e-01 9.446977376937866211e-01
-5.391142368316650391e-01 7.326354980468750000e-01 -7.405389785766601562e+00 -1.196974068880081177e-01 -8.054573833942413330e-02 2.985852956771850586e-01 9.434149861335754395e-01
-4.792338311672210693e-01 9.385546445846557617e-01 -7.400293827056884766e+00 -1.155431270599365234e-01 -7.983477413654327393e-02 3.046383559703826904e-01 9.420571923255920410e-01
-4.259892106056213379e-01 1.144721627235412598e+00 -7.395253181457519531e+00 -1.115815564990043640e-01 -7.884676754474639893e-02 3.106584250926971436e-01 9.406508803367614746e-01
-3.782598674297332764e-01 1.350659132003784180e+00 -7.390176773071289062e+00 -1.079014390707015991e-01 -7.757541537284851074e-02 3.165330290794372559e-01 9.392264485359191895e-01
-3.355929553508758545e-01 1.556121826171875000e+00 -7.384998798370361328e+00 -1.045912057161331177e-01 -7.601460814476013184e-02 3.221512138843536377e-01 9.378172159194946289e-01
-2.979231178760528564e-01 1.760960698127746582e+00 -7.379662513732910156e+00 -1.017401739954948425e-01 -7.415892183780670166e-02 3.274026215076446533e-01 9.364598393440246582e-01
-2.656053900718688965e-01 1.965104937553405762e+00 -7.374104499816894531e+00 -9.943758696317672729e-02 -7.200273871421813965e-02 3.321782052516937256e-01 9.351927042007446289e-01
-2.398569434881210327e-01 2.168546199798583984e+00 -7.368228435516357422e+00 -9.777285158634185791e-02 -6.954050809144973755e-02 3.363692462444305420e-01 9.340558648109436035e-01
-2.211900353431701660e-01 2.371098518371582031e+00 -7.361969470977783203e+00 -9.683513641357421875e-02 -6.676686555147171021e-02 3.398672640323638916e-01 9.330891370773315430e-01
-2.113940417766571045e-01 2.572591543197631836e+00 -7.355210304260253906e+00 -9.671386331319808960e-02 -6.367581337690353394e-02 3.425635397434234619e-01 9.323316216468811035e-01
-2.094420641660690308e-01 2.772675752639770508e+00 -7.348136425018310547e+00 -9.747037291526794434e-02 -6.026979535818099976e-02 3.443748354911804199e-01 9.318116903305053711e-01
-2.134882360696792603e-01 2.971118211746215820e+00 -7.341117858886718750e+00 -9.905558824539184570e-02 -5.658666789531707764e-02 3.453221023082733154e-01 9.315248727798461914e-01
-2.197660058736801147e-01 3.167937040328979492e+00 -7.335320949554443359e+00 -1.013920381665229797e-01 -5.267176404595375061e-02 3.454509973526000977e-01 9.314553737640380859e-01
-1.764115095138549805e-01 3.296962738037109375e+00 -7.344457149505615234e+00 -1.044023260474205017e-01 -4.857105761766433716e-02 3.448065519332885742e-01 9.315843582153320312e-01
-9.303832799196243286e-02 3.137188673019409180e+00 -7.367258548736572266e+00 -1.080092117190361023e-01 -4.432997107505798340e-02 3.434331417083740234e-01 9.318919181823730469e-01
-3.599121049046516418e-02 2.973527669906616211e+00 -7.388798713684082031e+00 -1.121344342827796936e-01 -3.999428451061248779e-02 3.413748443126678467e-01 9.323569536209106445e-01
6.190643180161714554e-03 2.813039541244506836e+00 -7.410741329193115234e+00 -1.167005598545074463e-01 -3.560953214764595032e-02 3.386756479740142822e-01 9.329586029052734375e-01
3.356620669364929199e-02 2.656951904296875000e+00 -7.433637142181396484e+00 -1.216292530298233032e-01 -3.122150152921676636e-02 3.353803753852844238e-01 9.336763024330139160e-01
4.767372086644172668e-02 2.506772518157958984e+00 -7.457448482513427734e+00 -1.268428564071655273e-01 -2.687602676451206207e-02 3.315338492393493652e-01 9.344912767410278320e-01
5.175895616412162781e-02 2.363547325134277344e+00 -7.481618881225585938e+00 -1.322636455297470093e-01 -2.261908911168575287e-02 3.271820247173309326e-01 9.353858232498168945e-01
4.539390280842781067e-02 2.227632999420166016e+00 -7.506237506866455078e+00 -1.378140598535537720e-01 -1.849672012031078339e-02 3.223714530467987061e-01 9.363449811935424805e-01
2.524551376700401306e-02 2.100933790206909180e+00 -7.531736850738525391e+00 -1.434172093868255615e-01 -1.455528289079666138e-02 3.171495497226715088e-01 9.373556971549987793e-01
2.177123911678791046e-03 1.981883525848388672e+00 -7.556359291076660156e+00 -1.489962935447692871e-01 -1.084084063768386841e-02 3.115651607513427734e-01 9.384080767631530762e-01
-3.743568435311317444e-02 1.875367403030395508e+00 -7.581961631774902344e+00 -1.544748246669769287e-01 -7.399704307317733765e-03 3.056674897670745850e-01 9.394945502281188965e-01
-7.534705847501754761e-02 1.775765299797058105e+00 -7.605972290039062500e+00 -1.597765982151031494e-01 -4.278138279914855957e-03 2.995070517063140869e-01 9.406107664108276367e-01
-1.216272711753845215e-01 1.688034653663635254e+00 -7.629336357116699219e+00 -1.648267805576324463e-01 -1.522652804851531982e-03 2.931351363658905029e-01 9.417545199394226074e-01
-1.664811670780181885e-01 1.607482910156250000e+00 -7.651134014129638672e+00 -1.695500463247299194e-01 8.207261562347412109e-04 2.866038084030151367e-01 9.429265260696411133e-01
-2.101632654666900635e-01 1.534583687782287598e+00 -7.671294212341308594e+00 -1.738723665475845337e-01 2.705510705709457397e-03 2.799655199050903320e-01 9.441294074058532715e-01
-2.560198903083801270e-01 1.471474528312683105e+00 -7.689983367919921875e+00 -1.777193993330001831e-01 4.085540771484375000e-03 2.732733190059661865e-01 9.453681111335754395e-01
-2.977719008922576904e-01 1.414154052734375000e+00 -7.706938743591308594e+00 -1.810176968574523926e-01 4.914708435535430908e-03 2.665805518627166748e-01 9.466483592987060547e-01
-3.353488147258758545e-01 1.362368106842041016e+00 -7.722862243652343750e+00 -1.809153407812118530e-01 5.928967148065567017e-03 2.599196434020996094e-01 9.485126137733459473e-01
-3.721580505371093750e-01 1.319030761718750000e+00 -7.736913204193115234e+00 -1.806454211473464966e-01 6.241109222173690796e-03 2.533396482467651367e-01 9.503405690193176270e-01
-4.053385853767395020e-01 1.281912803649902344e+00 -7.749133110046386719e+00 -1.802374422550201416e-01 5.910973995923995972e-03 2.468705028295516968e-01 9.521210193634033203e-01
-4.338258206844329834e-01 1.250186681747436523e+00 -7.759539604187011719e+00 -1.797178536653518677e-01 4.998680204153060913e-03 2.405393719673156738e-01 9.538434147834777832e-01
-4.576112329959869385e-01 1.223859786987304688e+00 -7.768132686614990234e+00 -1.791103035211563110e-01 3.564547747373580933e-03 2.343717664480209351e-01 9.554980397224426270e-01
-4.766857922077178955e-01 1.202934503555297852e+00 -7.774913787841796875e+00 -1.784357726573944092e-01 1.668721437454223633e-03 2.283916324377059937e-01 9.570763707160949707e-01
-4.910410940647125244e-01 1.187412023544311523e+00 -7.779883861541748047e+00 -1.777126789093017578e-01 -6.288923323154449463e-04 2.226219177246093750e-01 9.585704207420349121e-01
-5.006683468818664551e-01 1.177294850349426270e+00 -7.783044815063476562e+00 -1.769572496414184570e-01 -3.268670290708541870e-03 2.170847207307815552e-01 9.599737524986267090e-01
-5.055595040321350098e-01 1.172586679458618164e+00 -7.784396171569824219e+00 -1.761835068464279175e-01 -6.191901862621307373e-03 2.118020057678222656e-01 9.612808823585510254e-01
-5.124499201774597168e-01 1.165579795837402344e+00 -7.786540508270263672e+00 -1.754035949707031250e-01 -9.340314194560050964e-03 2.067955285310745239e-01 9.624873399734497070e-01
-5.213751196861267090e-01 1.156313419342041016e+00 -7.789471149444580078e+00 -1.746280193328857422e-01 -1.265664212405681610e-02 2.020873576402664185e-01 9.635899662971496582e-01
-5.331846475601196289e-01 1.145587086677551270e+00 -7.793118000030517578e+00 -1.738657504320144653e-01 -1.608425565063953400e-02 1.976999789476394653e-01 9.645862579345703125e-01
-5.471677780151367188e-01 1.132746577262878418e+00 -7.797539710998535156e+00 -1.731245070695877075e-01 -1.956759393215179443e-02 1.936565190553665161e-01 9.654750823974609375e-01
-5.633157491683959961e-01 1.117796659469604492e+00 -7.802738666534423828e+00 -1.724109351634979248e-01 -2.305182628333568573e-02 1.899809241294860840e-01 9.662557840347290039e-01
-5.816200375556945801e-01 1.100733637809753418e+00 -7.808712005615234375e+00 -1.717308461666107178e-01 -2.648311108350753784e-02 1.866979897022247314e-01 9.669286608695983887e-01
-6.020720005035400391e-01 1.081563711166381836e+00 -7.815460681915283203e+00 -1.710893362760543823e-01 -2.980840951204299927e-02 1.838333457708358765e-01 9.674943089485168457e-01
-6.246621608734130859e-01 1.060284376144409180e+00 -7.822984218597412109e+00 -1.704911291599273682e-01 -3.297549858689308167e-02 1.814135164022445679e-01 9.679537415504455566e-01
-6.493819952011108398e-01 1.036899447441101074e+00 -7.831283569335937500e+00 -1.699408143758773804e-01 -3.593245521187782288e-02 1.794660240411758423e-01 9.683083295822143555e-01
-6.762222051620483398e-01 1.011406183242797852e+00 -7.840356349945068359e+00 -1.694430112838745117e-01 -3.862824290990829468e-02 1.780188679695129395e-01 9.685587882995605469e-01
-7.051736116409301758e-01 9.838110208511352539e-01 -7.850202083587646484e+00 -1.690026819705963135e-01 -4.101215302944183350e-02 1.771008074283599854e-01 9.687059521675109863e-01
-7.381547093391418457e-01 9.561120271682739258e-01 -7.860746860504150391e+00 -1.675161868333816528e-01 -4.284241423010826111e-02 1.767782568931579590e-01 9.689438939094543457e-01
-7.737411260604858398e-01 9.268371462821960449e-01 -7.871961116790771484e+00 -1.661612391471862793e-01 -4.433903470635414124e-02 1.769727170467376709e-01 9.690743684768676758e-01
-8.116174340248107910e-01 8.956335186958312988e-01 -7.883907794952392578e+00 -1.649003177881240845e-01 -4.550954699516296387e-02 1.776424199342727661e-01 9.691129326820373535e-01
-8.517938256263732910e-01 8.624938726425170898e-01 -7.896596908569335938e+00 -1.636950373649597168e-01 -4.636177420616149902e-02 1.787453442811965942e-01 9.690741300582885742e-01
-8.942798972129821777e-01 8.274145126342773438e-01 -7.910037517547607422e+00 -1.625073850154876709e-01 -4.690279439091682434e-02 1.802392601966857910e-01 9.689712524414062500e-01
-9.412821531295776367e-01 7.930322289466857910e-01 -7.923612594604492188e+00 -1.612984389066696167e-01 -4.714074358344078064e-02 1.820818334817886353e-01 9.688172340393066406e-01
-9.912813901901245117e-01 7.575036287307739258e-01 -7.937765121459960938e+00 -1.600298583507537842e-01 -4.708283767104148865e-02 1.842305958271026611e-01 9.686242341995239258e-01
-1.043765664100646973e+00 7.201892137527465820e-01 -7.952656269073486328e+00 -1.586631834506988525e-01 -4.673652723431587219e-02 1.866431087255477905e-01 9.684038758277893066e-01
-1.098744630813598633e+00 6.810827255249023438e-01 -7.968294620513916016e+00 -1.571595817804336548e-01 -4.610940441489219666e-02 1.892767846584320068e-01 9.681679010391235352e-01
-1.159288883209228516e+00 6.439379453659057617e-01 -7.983529567718505859e+00 -1.554806530475616455e-01 -4.520905017852783203e-02 1.920888572931289673e-01 9.679275751113891602e-01
-1.222851395606994629e+00 6.052538752555847168e-01 -7.999459743499755859e+00 -1.535874754190444946e-01 -4.404295980930328369e-02 1.950367838144302368e-01 9.676940441131591797e-01
-1.289284825325012207e+00 5.648120045661926270e-01 -8.016160964965820312e+00 -1.514414697885513306e-01 -4.261840879917144775e-02 1.980777978897094727e-01 9.674783349037170410e-01
-1.361269354820251465e+00 5.267822146415710449e-01 -8.032027244567871094e+00 -1.490038037300109863e-01 -4.094329476356506348e-02 2.011691331863403320e-01 9.672912955284118652e-01
-1.436889410018920898e+00 4.881469607353210449e-01 -8.048233985900878906e+00 -1.462362557649612427e-01 -3.902478516101837158e-02 2.042679935693740845e-01 9.671434760093688965e-01
-1.516162514686584473e+00 4.491039812564849854e-01 -8.064726829528808594e+00 -1.430995017290115356e-01 -3.687073290348052979e-02 2.073314487934112549e-01 9.670453667640686035e-01
-1.600945949554443359e+00 4.131152331829071045e-01 -8.080224037170410156e+00 -1.395552307367324829e-01 -3.448843583464622498e-02 2.103166431188583374e-01 9.670066833496093750e-01
-1.688902258872985840e+00 3.757653832435607910e-01 -8.096379280090332031e+00 -1.355645209550857544e-01 -3.188525885343551636e-02 2.131803780794143677e-01 9.670366644859313965e-01
-1.782534718513488770e+00 3.427258133888244629e-01 -8.111187934875488281e+00 -1.310884207487106323e-01 -2.906939201056957245e-02 2.158794105052947998e-01 9.671436548233032227e-01
-1.879564166069030762e+00 3.087731897830963135e-01 -8.126510620117187500e+00 -1.260883212089538574e-01 -2.604782953858375549e-02 2.183703631162643433e-01 9.673352837562561035e-01
-1.981886863708496094e+00 2.792114317417144775e-01 -8.140614509582519531e+00 -1.205249652266502380e-01 -2.282833121716976166e-02 2.206094861030578613e-01 9.676177501678466797e-01
-2.087911844253540039e+00 2.497497498989105225e-01 -8.154953002929687500e+00 -1.143757477402687073e-01 -1.941998675465583801e-02 2.225657552480697632e-01 9.679904580116271973e-01
-2.198549985885620117e+00 2.235522419214248657e-01 -8.168603897094726562e+00 -1.076842024922370911e-01 -1.583803631365299225e-02 2.242589443922042847e-01 9.684323668479919434e-01
-2.313137531280517578e+00 1.987915039062500000e-01 -8.182244300842285156e+00 -1.005099639296531677e-01 -1.209987420588731766e-02 2.257218509912490845e-01 9.689174890518188477e-01
-2.431621551513671875e+00 1.752941906452178955e-01 -8.195922851562500000e+00 -9.291344135999679565e-02 -8.222354575991630554e-03 2.269874364137649536e-01 9.694206118583679199e-01
-2.554040431976318359e+00 1.537463366985321045e-01 -8.209878921508789062e+00 -8.495470136404037476e-02 -4.222932271659374237e-03 2.280888408422470093e-01 9.699177145957946777e-01
-2.679965734481811523e+00 1.322619616985321045e-01 -8.224741935729980469e+00 -7.669481635093688965e-02 -1.188814640045166016e-04 2.290596663951873779e-01 9.703863263130187988e-01
-2.809229373931884766e+00 1.101892068982124329e-01 -8.240927696228027344e+00 -6.819492578506469727e-02 4.072352312505245209e-03 2.299338728189468384e-01 9.708055257797241211e-01
-2.941671371459960938e+00 8.699218183755874634e-02 -8.258943557739257812e+00 -5.951596796512603760e-02 8.333432488143444061e-03 2.307457178831100464e-01 9.711564183235168457e-01
-3.077516317367553711e+00 6.410644203424453735e-02 -8.278751373291015625e+00 -5.071968957781791687e-02 1.264679338783025742e-02 2.315301895141601562e-01 9.714223146438598633e-01
-3.217123746871948242e+00 4.390624910593032837e-02 -8.300141334533691406e+00 -4.186755418777465820e-02 1.699490845203399658e-02 2.323225736618041992e-01 9.715886712074279785e-01
-3.360659122467041016e+00 2.804443240165710449e-02 -8.322566032409667969e+00 -3.302147984504699707e-02 2.136028930544853210e-02 2.331586331129074097e-01 9.716430902481079102e-01
-3.508129119873046875e+00 1.821044832468032837e-02 -8.345589637756347656e+00 -2.424374222755432129e-02 2.572533860802650452e-02 2.340747117996215820e-01 9.715758562088012695e-01
-3.659348249435424805e+00 1.567382737994194031e-02 -8.368758201599121094e+00 -1.559588033705949783e-02 3.007267974317073822e-02 2.351074516773223877e-01 9.713789224624633789e-01
-3.813996553421020508e+00 2.110839821398258209e-02 -8.391667366027832031e+00 -7.140206173062324524e-03 3.438486903905868530e-02 2.362941503524780273e-01 9.710466861724853516e-01
-3.971730232238769531e+00 3.457275405526161194e-02 -8.414031982421875000e+00 1.061724498867988586e-03 3.864472731947898865e-02 2.376722991466522217e-01 9.705758094787597656e-01
-4.132213115692138672e+00 5.615234375000000000e-02 -8.435608863830566406e+00 8.948081173002719879e-03 4.283496737480163574e-02 2.392797917127609253e-01 9.699640870094299316e-01
-4.294741630554199219e+00 8.752685040235519409e-02 -8.455812454223632812e+00 1.645730808377265930e-02 4.693850874900817871e-02 2.411548793315887451e-01 9.692111611366271973e-01
-4.459564208984375000e+00 1.250964254140853882e-01 -8.474819183349609375e+00 2.352806553244590759e-02 5.093842744827270508e-02 2.433359026908874512e-01 9.683178067207336426e-01
-4.626697063446044922e+00 1.683251857757568359e-01 -8.492608070373535156e+00 3.009920567274093628e-02 5.481787398457527161e-02 2.458615005016326904e-01 9.672854542732238770e-01
-4.795379638671875000e+00 2.195666432380676270e-01 -8.507948875427246094e+00 3.610985353589057922e-02 5.856020748615264893e-02 2.487702518701553345e-01 9.661160111427307129e-01
-4.965722084045410156e+00 2.771911621093750000e-01 -8.520944595336914062e+00 4.151306673884391785e-02 6.214820593595504761e-02 2.520817518234252930e-01 9.648155570030212402e-01
-5.137972354888916016e+00 3.400952219963073730e-01 -8.531982421875000000e+00 4.631669074296951294e-02 6.556268781423568726e-02 2.557390034198760986e-01 9.634074568748474121e-01
-5.310973167419433594e+00 4.111437797546386719e-01 -8.539249420166015625e+00 5.054235830903053284e-02 6.878383457660675049e-02 2.596657574176788330e-01 9.619189500808715820e-01
-5.484672069549560547e+00 4.893591105937957764e-01 -8.542798042297363281e+00 5.421179533004760742e-02 7.179209589958190918e-02 2.637856900691986084e-01 9.603770375251770020e-01
-5.659369468688964844e+00 5.736865401268005371e-01 -8.543147087097167969e+00 5.734678357839584351e-02 7.456770539283752441e-02 2.680227458477020264e-01 9.588090777397155762e-01
-5.833357334136962891e+00 6.670361161231994629e-01 -8.537998199462890625e+00 5.996920540928840637e-02 7.709101587533950806e-02 2.723008096218109131e-01 9.572424888610839844e-01
-6.005772590637207031e+00 7.695446610450744629e-01 -8.526656150817871094e+00 6.210096180438995361e-02 7.934261858463287354e-02 2.765439450740814209e-01 9.557048082351684570e-01
-6.176829814910888672e+00 8.800463676452636719e-01 -8.509723663330078125e+00 6.376406550407409668e-02 8.130293339490890503e-02 2.806764841079711914e-01 9.542247056961059570e-01
-6.345383167266845703e+00 9.996117949485778809e-01 -8.486052513122558594e+00 6.498053669929504395e-02 8.295268565416336060e-02 2.846228778362274170e-01 9.528305530548095703e-01
-6.508259296417236328e+00 1.130773901939392090e+00 -8.454250335693359375e+00 6.577241420745849609e-02 8.427248895168304443e-02 2.883079051971435547e-01 9.515517950057983398e-01
-6.667921543121337891e+00 1.270017027854919434e+00 -8.417815208435058594e+00 6.616175174713134766e-02 8.524298667907714844e-02 2.916563749313354492e-01 9.504172205924987793e-01
-6.824066638946533203e+00 1.417382836341857910e+00 -8.377243041992187500e+00 6.617058068513870239e-02 8.584499359130859375e-02 2.945929467678070068e-01 9.494562149047851562e-01
-6.976467609405517578e+00 1.572816133499145508e+00 -8.333245277404785156e+00 6.582093238830566406e-02 8.605897426605224609e-02 2.970423400402069092e-01 9.486976861953735352e-01
-7.123847484588623047e+00 1.737210631370544434e+00 -8.286783218383789062e+00 6.513471901416778564e-02 8.586566150188446045e-02 2.989293634891510010e-01 9.481697082519531250e-01
-7.267139911651611328e+00 1.909656882286071777e+00 -8.239729881286621094e+00 6.413374096155166626e-02 8.524557948112487793e-02 3.001781404018402100e-01 9.478993415832519531e-01
-7.407152652740478516e+00 2.089494466781616211e+00 -8.193444252014160156e+00 6.283971667289733887e-02 8.417903631925582886e-02 3.007123470306396484e-01 9.479119181632995605e-01
-7.543363571166992188e+00 2.275705575942993164e+00 -8.149595260620117188e+00 6.127430498600006104e-02 8.264592289924621582e-02 3.004552423954010010e-01 9.482308626174926758e-01
-7.671299934387207031e+00 2.460839748382568359e+00 -8.111081123352050781e+00 5.945881456136703491e-02 8.062626421451568604e-02 2.993287444114685059e-01 9.488763809204101562e-01
-7.791811943054199219e+00 2.644184589385986328e+00 -8.078626632690429688e+00 5.741450935602188110e-02 7.809949666261672974e-02 2.972539961338043213e-01 9.498652219772338867e-01
-7.904441833496093750e+00 2.825619935989379883e+00 -8.051792144775390625e+00 5.516234785318374634e-02 7.504494488239288330e-02 2.941506505012512207e-01 9.512101411819458008e-01
-8.010780334472656250e+00 3.003574132919311523e+00 -8.028100013732910156e+00 5.272285267710685730e-02 7.145702093839645386e-02 2.899704277515411377e-01 9.529067873954772949e-01
-8.111658096313476562e+00 3.177363157272338867e+00 -8.006443977355957031e+00 5.011487379670143127e-02 6.739309430122375488e-02 2.847976386547088623e-01 9.549015760421752930e-01
-8.207611083984375000e+00 3.346585512161254883e+00 -7.986257553100585938e+00 4.735705628991127014e-02 6.292647123336791992e-02 2.787503898143768311e-01 9.571288824081420898e-01
-8.298087120056152344e+00 3.511409759521484375e+00 -7.966668605804443359e+00 4.446825385093688965e-02 5.813055112957954407e-02 2.719474732875823975e-01 9.595248103141784668e-01
-8.384841918945312500e+00 3.670809268951416016e+00 -7.947106361389160156e+00 4.146754741668701172e-02 5.307912826538085938e-02 2.645087838172912598e-01 9.620280861854553223e-01
-8.467749595642089844e+00 3.824851036071777344e+00 -7.927503108978271484e+00 3.837424144148826599e-02 4.784660041332244873e-02 2.565555870532989502e-01 9.645814299583435059e-01
-8.546957015991210938e+00 3.973323822021484375e+00 -7.906877994537353516e+00 3.520800545811653137e-02 4.250764846801757812e-02 2.482108324766159058e-01 9.671322703361511230e-01
-8.621550559997558594e+00 4.113245964050292969e+00 -7.886867523193359375e+00 3.198884427547454834e-02 3.713719546794891357e-02 2.395992279052734375e-01 9.696337580680847168e-01
-8.697060585021972656e+00 4.255543231964111328e+00 -7.863975048065185547e+00 2.873700112104415894e-02 3.181073069572448730e-02 2.308471351861953735e-01 9.720452427864074707e-01
-8.773809432983398438e+00 4.400353908538818359e+00 -7.840297222137451172e+00 2.547298744320869446e-02 2.660399116575717926e-02 2.220823168754577637e-01 9.743319749832153320e-01
-8.851776123046875000e+00 4.547194957733154297e+00 -7.812969684600830078e+00 2.221757173538208008e-02 2.159268222749233246e-02 2.134343683719635010e-01 9.764660596847534180e-01
-8.930978775024414062e+00 4.696512222290039062e+00 -7.784754276275634766e+00 1.899164542555809021e-02 1.685279235243797302e-02 2.050337344408035278e-01 9.784254431724548340e-01
-9.011420249938964844e+00 4.847963809967041016e+00 -7.753932476043701172e+00 1.581623405218124390e-02 1.246026717126369476e-02 1.970122605562210083e-01 9.801943302154541016e-01
-9.093045234680175781e+00 5.001904010772705078e+00 -7.722290515899658203e+00 1.271242089569568634e-02 8.490841835737228394e-03 1.895022690296173096e-01 9.817612171173095703e-01
-9.175940513610839844e+00 5.158079624176025391e+00 -7.688904762268066406e+00 9.701235219836235046e-03 5.020402371883392334e-03 1.826369017362594604e-01 9.831196665763854980e-01
-9.259971618652343750e+00 5.316756248474121094e+00 -7.654801368713378906e+00 6.803659256547689438e-03 2.124626189470291138e-03 1.765492558479309082e-01 9.842659831047058105e-01
-9.345327377319335938e+00 5.477761268615722656e+00 -7.619713783264160156e+00 4.040585830807685852e-03 -1.210772315971553326e-04 1.713726967573165894e-01 9.851979613304138184e-01
-9.431775093078613281e+00 5.641290187835693359e+00 -7.584070682525634766e+00 1.432684133760631084e-03 -1.641064765863120556e-03 1.672400534152984619e-01 9.859137535095214844e-01
-9.519653320312500000e+00 5.807233810424804688e+00 -7.548273563385009766e+00 -9.995031869038939476e-04 -2.360087819397449493e-03 1.642837524414062500e-01 9.864097833633422852e-01
-9.608591079711914062e+00 5.975733280181884766e+00 -7.512143611907958984e+00 -3.235604381188750267e-03 -2.202729927375912666e-03 1.626355051994323730e-01 9.866783618927001953e-01
-9.699128150939941406e+00 6.146752834320068359e+00 -7.476921081542968750e+00 -5.256245844066143036e-03 -1.118475571274757385e-03 1.623864620923995972e-01 9.867125749588012695e-01
-9.790928840637207031e+00 6.320354938507080078e+00 -7.442119121551513672e+00 -7.043287623673677444e-03 8.433436742052435875e-04 1.634692996740341187e-01 9.865229129791259766e-01
-9.884396553039550781e+00 6.496549129486083984e+00 -7.408841609954833984e+00 -8.578787557780742645e-03 3.608709899708628654e-03 1.657763868570327759e-01 9.861194491386413574e-01
-9.979772567749023438e+00 6.675374507904052734e+00 -7.378262042999267578e+00 -9.845265187323093414e-03 7.103219628334045410e-03 1.691989898681640625e-01 9.855071902275085449e-01
-1.007698059082031250e+01 6.856805324554443359e+00 -7.350214004516601562e+00 -1.082496903836727142e-02 1.125266589224338531e-02 1.736278086900711060e-01 9.846875667572021484e-01
-1.017668819427490234e+01 7.040853023529052734e+00 -7.327575683593750000e+00 -1.150020770728588104e-02 1.598250307142734528e-02 1.789530813694000244e-01 9.836605787277221680e-01
-1.028193950653076172e+01 7.229273319244384766e+00 -7.311157226562500000e+00 -1.185340993106365204e-02 2.121805213391780853e-02 1.850647628307342529e-01 9.824256896972656250e-01
-1.039395332336425781e+01 7.421072959899902344e+00 -7.300881385803222656e+00 -1.186652667820453644e-02 2.688451670110225677e-02 1.918527334928512573e-01 9.809836149215698242e-01
-1.051482868194580078e+01 7.614667892456054688e+00 -7.297524929046630859e+00 -1.152216643095016479e-02 3.290700539946556091e-02 1.992070078849792480e-01 9.793370962142944336e-01
-1.064684581756591797e+01 7.808035850524902344e+00 -7.300936698913574219e+00 -1.080293487757444382e-02 3.921023756265640259e-02 2.070179581642150879e-01 9.774914383888244629e-01
-1.079189872741699219e+01 7.999109745025634766e+00 -7.309850692749023438e+00 -9.691460058093070984e-03 4.571913555264472961e-02 2.151763588190078735e-01 9.754562377929687500e-01
-1.095097732543945312e+01 8.186305999755859375e+00 -7.322104454040527344e+00 -8.170442655682563782e-03 5.235861986875534058e-02 2.235738039016723633e-01 9.732453227043151855e-01
-1.111332035064697266e+01 8.358078002929687500e+00 -7.334451198577880859e+00 -6.222901865839958191e-03 5.905352905392646790e-02 2.321026772260665894e-01 9.708770513534545898e-01
-1.127644824981689453e+01 8.516132354736328125e+00 -7.345021247863769531e+00 -3.831943497061729431e-03 6.572894752025604248e-02 2.406564503908157349e-01 9.683746695518493652e-01
-1.143770122528076172e+01 8.662754058837890625e+00 -7.354423522949218750e+00 -9.808298200368881226e-04 7.231029868125915527e-02 2.491297572851181030e-01 9.657663702964782715e-01
-1.159530639648437500e+01 8.799657821655273438e+00 -7.363282680511474609e+00 2.347087487578392029e-03 7.872325927019119263e-02 2.574183642864227295e-01 9.630850553512573242e-01
-1.174894618988037109e+01 8.927038192749023438e+00 -7.371985912322998047e+00 6.168374791741371155e-03 8.489408344030380249e-02 2.654195427894592285e-01 9.603683352470397949e-01
-1.189763069152832031e+01 9.045915603637695312e+00 -7.380987167358398438e+00 1.049962826073169708e-02 9.074923396110534668e-02 2.730317115783691406e-01 9.576576352119445801e-01
-1.204005146026611328e+01 9.157963752746582031e+00 -7.389978885650634766e+00 1.535743288695812225e-02 9.621594101190567017e-02 2.801544666290283203e-01 9.549974203109741211e-01
-1.217733097076416016e+01 9.261598587036132812e+00 -7.399828433990478516e+00 2.075852453708648682e-02 1.012217327952384949e-01 2.866886854171752930e-01 9.524351954460144043e-01
-1.230758762359619141e+01 9.359367370605468750e+00 -7.409546375274658203e+00 2.670388855040073395e-02 1.057099699974060059e-01 2.925586402416229248e-01 9.500114917755126953e-01
-1.243189907073974609e+01 9.449680328369140625e+00 -7.420201301574707031e+00 3.313060104846954346e-02 1.096862256526947021e-01 2.977798283100128174e-01 9.477333426475524902e-01
-1.254886245727539062e+01 9.534577369689941406e+00 -7.430377483367919922e+00 3.995979577302932739e-02 1.131715327501296997e-01 3.023900985717773438e-01 9.455980658531188965e-01
-1.265946292877197266e+01 9.612455368041992188e+00 -7.441686630249023438e+00 4.711263254284858704e-02 1.161867082118988037e-01 3.064271211624145508e-01 9.436013698577880859e-01
-1.276268386840820312e+01 9.684926986694335938e+00 -7.452477931976318359e+00 5.451019108295440674e-02 1.187526956200599670e-01 3.099283576011657715e-01 9.417381882667541504e-01
-1.285866260528564453e+01 9.751708984375000000e+00 -7.463180541992187500e+00 6.207375973463058472e-02 1.208903938531875610e-01 3.129313290119171143e-01 9.400034546852111816e-01
-1.294761657714843750e+01 9.812379837036132812e+00 -7.474379062652587891e+00 6.972452998161315918e-02 1.226209476590156555e-01 3.154735565185546875e-01 9.383917450904846191e-01
-1.302902221679687500e+01 9.867876052856445312e+00 -7.484744548797607422e+00 7.738396525382995605e-02 1.239654272794723511e-01 3.175929784774780273e-01 9.368986487388610840e-01
-1.310286331176757812e+01 9.918190956115722656e+00 -7.494260311126708984e+00 8.497361093759536743e-02 1.249451637268066406e-01 3.193277716636657715e-01 9.355202317237854004e-01
-1.316947555541992188e+01 9.962560653686523438e+00 -7.504347801208496094e+00 9.241519868373870850e-02 1.255816519260406494e-01 3.207162618637084961e-01 9.342535734176635742e-01
-1.322848320007324219e+01 1.000178909301757812e+01 -7.513498783111572266e+00 9.963072836399078369e-02 1.258962899446487427e-01 3.217972517013549805e-01 9.330972433090209961e-01
-1.327984428405761719e+01 1.003594017028808594e+01 -7.521575927734375000e+00 1.065424010157585144e-01 1.259109824895858765e-01 3.226101398468017578e-01 9.320503473281860352e-01
-1.332354545593261719e+01 1.006500434875488281e+01 -7.528563499450683594e+00 1.130726039409637451e-01 1.256475448608398438e-01 3.231943845748901367e-01 9.311136603355407715e-01
-1.335957622528076172e+01 1.008898925781250000e+01 -7.534450054168701172e+00 1.191441193222999573e-01 1.251277029514312744e-01 3.235899507999420166e-01 9.302887916564941406e-01
-1.338792228698730469e+01 1.010788536071777344e+01 -7.539219856262207031e+00 1.246798038482666016e-01 1.243737488985061646e-01 3.238367736339569092e-01 9.295783042907714844e-01
-1.340867996215820312e+01 1.012143516540527344e+01 -7.543272972106933594e+00 1.296026259660720825e-01 1.234076023101806641e-01 3.239753842353820801e-01 9.289852976799011230e-01
-1.342169380187988281e+01 1.012998008728027344e+01 -7.546044826507568359e+00 1.338358521461486816e-01 1.222512498497962952e-01 3.240461647510528564e-01 9.285131096839904785e-01
-1.342694568634033203e+01 1.013352966308593750e+01 -7.547492027282714844e+00 1.373027414083480835e-01 1.209267675876617432e-01 3.240891993045806885e-01 9.281652569770812988e-01
-1.343483448028564453e+01 1.013874721527099609e+01 -7.549129962921142578e+00 1.399264186620712280e-01 1.194558590650558472e-01 3.241447210311889648e-01 9.279445409774780273e-01
-1.344534778594970703e+01 1.014562511444091797e+01 -7.550944805145263672e+00 1.416300237178802490e-01 1.178602129220962524e-01 3.242524862289428711e-01 9.278524518013000488e-01
-1.345847415924072266e+01 1.015416240692138672e+01 -7.552906990051269531e+00 1.422866880893707275e-01 1.161332502961158752e-01 3.244516253471374512e-01 9.279001355171203613e-01
-1.347423934936523438e+01 1.016436767578125000e+01 -7.555089950561523438e+00 1.421863436698913574e-01 1.143723726272583008e-01 3.247034251689910889e-01 9.280462265014648438e-01
-1.349263381958007812e+01 1.017623710632324219e+01 -7.557456493377685547e+00 1.411837488412857056e-01 1.125120297074317932e-01 3.250162303447723389e-01 9.283171296119689941e-01
-1.351367378234863281e+01 1.018977737426757812e+01 -7.560043811798095703e+00 1.394416093826293945e-01 1.105939447879791260e-01 3.253598809242248535e-01 9.286904335021972656e-01
-1.353736877441406250e+01 1.020499229431152344e+01 -7.562873363494873047e+00 1.370455324649810791e-01 1.086332052946090698e-01 3.257129490375518799e-01 9.291546940803527832e-01
-1.356372737884521484e+01 1.022188186645507812e+01 -7.565963745117187500e+00 1.340807676315307617e-01 1.066446676850318909e-01 3.260540962219238281e-01 9.296977519989013672e-01
-1.359276199340820312e+01 1.024045658111572266e+01 -7.569335937500000000e+00 1.306329220533370972e-01 1.046431809663772583e-01 3.263620138168334961e-01 9.303078651428222656e-01
-1.362447929382324219e+01 1.026072216033935547e+01 -7.573007583618164062e+00 1.267875581979751587e-01 1.026437580585479736e-01 3.266155123710632324e-01 9.309733510017395020e-01
-1.365888881683349609e+01 1.028267574310302734e+01 -7.577001094818115234e+00 1.226304173469543457e-01 1.006615012884140015e-01 3.267936706542968750e-01 9.316838383674621582e-01
-1.369617176055908203e+01 1.030591011047363281e+01 -7.581921100616455078e+00 1.182474866509437561e-01 9.871156513690948486e-02 3.268762826919555664e-01 9.324298501014709473e-01
-1.373622894287109375e+01 1.033067893981933594e+01 -7.587431430816650391e+00 1.137247979640960693e-01 9.680934250354766846e-02 3.268429934978485107e-01 9.332032203674316406e-01
-1.377902030944824219e+01 1.035711383819580078e+01 -7.593378067016601562e+00 1.091487184166908264e-01 9.497039765119552612e-02 3.266745805740356445e-01 9.339972138404846191e-01
-1.382455062866210938e+01 1.038520717620849609e+01 -7.599782943725585938e+00 1.046057641506195068e-01 9.321035444736480713e-02 3.263520002365112305e-01 9.348067641258239746e-01
-1.387283039093017578e+01 1.041497039794921875e+01 -7.606667518615722656e+00 1.001825779676437378e-01 9.154528379440307617e-02 3.258569240570068359e-01 9.356282353401184082e-01
-1.392386054992675781e+01 1.044639587402343750e+01 -7.614051818847656250e+00 9.596592932939529419e-02 8.999097347259521484e-02 3.251714110374450684e-01 9.364591240882873535e-01
-1.397787094116210938e+01 1.047894001007080078e+01 -7.622629165649414062e+00 9.204276651144027710e-02 8.856365829706192017e-02 3.242778182029724121e-01 9.372985363006591797e-01
-1.403478622436523438e+01 1.051279735565185547e+01 -7.632180213928222656e+00 8.849999308586120605e-02 8.727955073118209839e-02 3.231591880321502686e-01 9.381461739540100098e-01
-1.409448909759521484e+01 1.054827404022216797e+01 -7.642348289489746094e+00 8.542453497648239136e-02 8.615487813949584961e-02 3.217983543872833252e-01 9.390025138854980469e-01
-1.415698432922363281e+01 1.058537101745605469e+01 -7.653155803680419922e+00 8.290340751409530640e-02 8.520594239234924316e-02 3.201785981655120850e-01 9.398683309555053711e-01
-1.422233009338378906e+01 1.062395954132080078e+01 -7.664762020111083984e+00 8.102344721555709839e-02 8.444899320602416992e-02 3.182828128337860107e-01 9.407442212104797363e-01
-1.429090023040771484e+01 1.066307353973388672e+01 -7.678200721740722656e+00 7.984045147895812988e-02 8.389335125684738159e-02 3.161004483699798584e-01 9.416305422782897949e-01
-1.436228752136230469e+01 1.070375251770019531e+01 -7.692349910736083984e+00 7.928618788719177246e-02 8.352118730545043945e-02 3.136475086212158203e-01 9.425301551818847656e-01
-1.443648052215576172e+01 1.074600601196289062e+01 -7.707184791564941406e+00 7.926141470670700073e-02 8.330750465393066406e-02 3.109466433525085449e-01 9.434456229209899902e-01
-1.451373004913330078e+01 1.078913784027099609e+01 -7.723315715789794922e+00 7.966673374176025391e-02 8.322748541831970215e-02 3.080197274684906006e-01 9.443782567977905273e-01
-1.459413433074951172e+01 1.083287334442138672e+01 -7.740972518920898438e+00 8.040270209312438965e-02 8.325602114200592041e-02 3.048888146877288818e-01 9.453288316726684570e-01
-1.467734241485595703e+01 1.087812232971191406e+01 -7.759293079376220703e+00 8.136983960866928101e-02 8.336833119392395020e-02 3.015759289264678955e-01 9.462983608245849609e-01
-1.476359462738037109e+01 1.092419433593750000e+01 -7.778805255889892578e+00 8.246880769729614258e-02 8.353929221630096436e-02 2.981030046939849854e-01 9.472880363464355469e-01
-1.485317325592041016e+01 1.097027301788330078e+01 -7.800140857696533203e+00 8.360020071268081665e-02 8.374400436878204346e-02 2.944924235343933105e-01 9.482995271682739258e-01
-1.494555950164794922e+01 1.101780033111572266e+01 -7.822120189666748047e+00 8.466471731662750244e-02 8.395767211914062500e-02 2.907665967941284180e-01 9.493355154991149902e-01
-1.504137802124023438e+01 1.106487083435058594e+01 -7.846056461334228516e+00 8.556313067674636841e-02 8.415549993515014648e-02 2.869482636451721191e-01 9.503985643386840820e-01
-1.514034366607666016e+01 1.111230945587158203e+01 -7.871338844299316406e+00 8.619630336761474609e-02 8.431270718574523926e-02 2.830603420734405518e-01 9.514927268028259277e-01
-1.524254703521728516e+01 1.115969181060791016e+01 -7.898126125335693359e+00 8.646510541439056396e-02 8.440463244915008545e-02 2.791258394718170166e-01 9.526218175888061523e-01
-1.534834480285644531e+01 1.120581245422363281e+01 -7.927131652832031250e+00 8.627052605152130127e-02 8.440663665533065796e-02 2.751678526401519775e-01 9.537900686264038086e-01
-1.545738983154296875e+01 1.125150585174560547e+01 -7.957781791687011719e+00 8.551349490880966187e-02 8.429398387670516968e-02 2.712093293666839600e-01 9.550012946128845215e-01
-1.556994438171386719e+01 1.129568862915039062e+01 -7.990701675415039062e+00 8.409495651721954346e-02 8.404193818569183350e-02 2.672728598117828369e-01 9.562585353851318359e-01
-1.568599319458007812e+01 1.133774852752685547e+01 -8.026162147521972656e+00 8.191575109958648682e-02 8.362558484077453613e-02 2.633806169033050537e-01 9.575632214546203613e-01
-1.580536365509033203e+01 1.137820816040039062e+01 -8.063819885253906250e+00 7.887662202119827271e-02 8.301987498998641968e-02 2.595543265342712402e-01 9.589148759841918945e-01
-1.592819881439208984e+01 1.141555404663085938e+01 -8.104467391967773438e+00 7.487809658050537109e-02 8.219972252845764160e-02 2.558145523071289062e-01 9.603101015090942383e-01
-1.605442619323730469e+01 1.144831275939941406e+01 -8.148813247680664062e+00 6.982058286666870117e-02 8.113925158977508545e-02 2.521806061267852783e-01 9.617413282394409180e-01
-1.618377494812011719e+01 1.147586441040039062e+01 -8.197084426879882812e+00 6.360422074794769287e-02 7.981262356042861938e-02 2.486705929040908813e-01 9.631964564323425293e-01
-1.631510162353515625e+01 1.149377441406250000e+01 -8.250710487365722656e+00 5.273119360208511353e-02 7.798603177070617676e-02 2.473405301570892334e-01 9.643445014953613281e-01
-1.644205093383789062e+01 1.148092460632324219e+01 -8.319947242736816406e+00 4.185158014297485352e-02 7.614979892969131470e-02 2.459796071052551270e-01 9.653723239898681641e-01
-1.634109306335449219e+01 1.137556171417236328e+01 -8.329771995544433594e+00 3.096676059067249298e-02 7.430399954319000244e-02 2.445880025625228882e-01 9.662798047065734863e-01
-1.620248603820800781e+01 1.128842735290527344e+01 -8.310430526733398438e+00 2.007808908820152283e-02 7.244898378849029541e-02 2.431659251451492310e-01 9.670668840408325195e-01
-1.605534362792968750e+01 1.120333671569824219e+01 -8.286333084106445312e+00 9.186916053295135498e-03 7.058490812778472900e-02 2.417135387659072876e-01 9.677333831787109375e-01
-1.589991092681884766e+01 1.111964321136474609e+01 -8.260539054870605469e+00 -1.705382950603961945e-03 6.871201843023300171e-02 2.402310371398925781e-01 9.682793021202087402e-01
-1.573577976226806641e+01 1.103807640075683594e+01 -8.234546661376953125e+00 -1.259749755263328552e-02 6.683066487312316895e-02 2.387185841798782349e-01 9.687045216560363770e-01
-1.556223106384277344e+01 1.096034908294677734e+01 -8.209516525268554688e+00 -2.348815649747848511e-02 6.494091451168060303e-02 2.371764034032821655e-01 9.690088629722595215e-01
-1.537835216522216797e+01 1.088920593261718750e+01 -8.186900138854980469e+00 -3.437571227550506592e-02 6.304305046796798706e-02 2.356045544147491455e-01 9.691925644874572754e-01
-1.518307495117187500e+01 1.082920169830322266e+01 -8.168847084045410156e+00 -4.525892436504364014e-02 6.113734841346740723e-02 2.340034693479537964e-01 9.692554473876953125e-01
-1.497495365142822266e+01 1.079313659667968750e+01 -8.160955429077148438e+00 -5.613655969500541687e-02 5.922412872314453125e-02 2.323731631040573120e-01 9.691975116729736328e-01
-1.475727367401123047e+01 1.079522895812988281e+01 -8.168751716613769531e+00 -6.700732558965682983e-02 5.730333179235458374e-02 2.307138890027999878e-01 9.690188169479370117e-01
-1.454007911682128906e+01 1.084608650207519531e+01 -8.193131446838378906e+00 -7.786954939365386963e-02 5.537554621696472168e-02 2.290258556604385376e-01 9.687193036079406738e-01
-1.432963848114013672e+01 1.093623542785644531e+01 -8.226569175720214844e+00 -8.872222155332565308e-02 5.344074964523315430e-02 2.273092865943908691e-01 9.682989716529846191e-01
-1.412407112121582031e+01 1.105218029022216797e+01 -8.260717391967773438e+00 -9.956392645835876465e-02 5.149935185909271240e-02 2.255644053220748901e-01 9.677579402923583984e-01
-1.391659545898437500e+01 1.118045902252197266e+01 -8.287780761718750000e+00 -1.103931888937950134e-01 4.955150559544563293e-02 2.237913757562637329e-01 9.670963287353515625e-01
-1.370615768432617188e+01 1.131241416931152344e+01 -8.305377006530761719e+00 -1.212085708975791931e-01 4.759749770164489746e-02 2.219904363155364990e-01 9.663142561912536621e-01
-1.350219058990478516e+01 1.144146919250488281e+01 -8.316428184509277344e+00 -1.320089101791381836e-01 4.563759267330169678e-02 2.201618701219558716e-01 9.654116630554199219e-01
-1.330599498748779297e+01 1.156919384002685547e+01 -8.322882652282714844e+00 -1.427924633026123047e-01 4.367198050022125244e-02 2.183058410882949829e-01 9.643886685371398926e-01
-1.312084770202636719e+01 1.170875263214111328e+01 -8.326779365539550781e+00 -1.535586863756179810e-01 4.170086234807968140e-02 2.164226472377777100e-01 9.632455706596374512e-01
-1.297068786621093750e+01 1.188195991516113281e+01 -8.329663276672363281e+00 -1.592651903629302979e-01 4.218928515911102295e-02 2.176621854305267334e-01 9.620175957679748535e-01
-1.288930511474609375e+01 1.209450626373291016e+01 -8.329225540161132812e+00 -1.637741476297378540e-01 4.311056435108184814e-02 2.192528098821640015e-01 9.608578085899353027e-01
-1.283801651000976562e+01 1.231478023529052734e+01 -8.325955390930175781e+00 -1.671774685382843018e-01 4.441415891051292419e-02 2.211572080850601196e-01 9.597752690315246582e-01
-1.279406070709228516e+01 1.253432559967041016e+01 -8.320889472961425781e+00 -1.695658266544342041e-01 4.604961723089218140e-02 2.233369350433349609e-01 9.587739706039428711e-01
-1.275603389739990234e+01 1.275266075134277344e+01 -8.314446449279785156e+00 -1.710301041603088379e-01 4.796567931771278381e-02 2.257526814937591553e-01 9.578536748886108398e-01
-1.272203445434570312e+01 1.296936511993408203e+01 -8.307200431823730469e+00 -1.716601401567459106e-01 5.011141300201416016e-02 2.283644527196884155e-01 9.570116400718688965e-01
-1.269056034088134766e+01 1.318416500091552734e+01 -8.299652099609375000e+00 -1.715453118085861206e-01 5.243586003780364990e-02 2.311318367719650269e-01 9.562430381774902344e-01
-1.266089344024658203e+01 1.339695739746093750e+01 -8.292029380798339844e+00 -1.707754433155059814e-01 5.488763004541397095e-02 2.340141832828521729e-01 9.555419087409973145e-01
-1.263258838653564453e+01 1.360768032073974609e+01 -8.284467697143554688e+00 -1.694393754005432129e-01 5.741570144891738892e-02 2.369706779718399048e-01 9.549024105072021484e-01
-1.260535621643066406e+01 1.381629848480224609e+01 -8.277039527893066406e+00 -1.676272898912429810e-01 5.996885895729064941e-02 2.399608045816421509e-01 9.543184041976928711e-01
-1.257915210723876953e+01 1.402280712127685547e+01 -8.269814491271972656e+00 -1.654281318187713623e-01 6.249595060944557190e-02 2.429439276456832886e-01 9.537851214408874512e-01
-1.255364799499511719e+01 1.422716522216796875e+01 -8.262829780578613281e+00 -1.629318296909332275e-01 6.494578719139099121e-02 2.458799481391906738e-01 9.532986283302307129e-01
-1.252874946594238281e+01 1.442936992645263672e+01 -8.256090164184570312e+00 -1.602286845445632935e-01 6.726755946874618530e-02 2.487289160490036011e-01 9.528566598892211914e-01
-1.250439262390136719e+01 1.462941360473632812e+01 -8.249587059020996094e+00 -1.574088335037231445e-01 6.941027194261550903e-02 2.514514625072479248e-01 9.524582624435424805e-01
-1.248058414459228516e+01 1.482730197906494141e+01 -8.243426322937011719e+00 -1.545626670122146606e-01 7.132320106029510498e-02 2.540084123611450195e-01 9.521046280860900879e-01
-1.245787811279296875e+01 1.502306842803955078e+01 -8.236896514892578125e+00 -1.517812609672546387e-01 7.295544445514678955e-02 2.563611865043640137e-01 9.517977237701416016e-01
-1.243621826171875000e+01 1.521670627593994141e+01 -8.229941368103027344e+00 -1.491550952196121216e-01 7.425671815872192383e-02 2.584713697433471680e-01 9.515415430068969727e-01
-1.241638374328613281e+01 1.540826606750488281e+01 -8.221907615661621094e+00 -1.467751860618591309e-01 7.517637312412261963e-02 2.603009343147277832e-01 9.513406157493591309e-01
-1.239811420440673828e+01 1.559770488739013672e+01 -8.212857246398925781e+00 -1.447327286005020142e-01 7.566387206315994263e-02 2.618120014667510986e-01 9.512003064155578613e-01
-1.238112068176269531e+01 1.578499984741210938e+01 -8.203005790710449219e+00 -1.431188881397247314e-01 7.566878944635391235e-02 2.629664540290832520e-01 9.511255621910095215e-01
-1.236615943908691406e+01 1.597015571594238281e+01 -8.191657066345214844e+00 -1.420001536607742310e-01 7.516293972730636597e-02 2.637403309345245361e-01 9.511191248893737793e-01
-1.235205936431884766e+01 1.615313529968261719e+01 -8.179797172546386719e+00 -1.413453519344329834e-01 7.420744001865386963e-02 2.641637623310089111e-01 9.511741399765014648e-01
-1.233969783782958984e+01 1.633392715454101562e+01 -8.166657447814941406e+00 -1.410990804433822632e-01 7.288555800914764404e-02 2.642804384231567383e-01 9.512804746627807617e-01
-1.232829952239990234e+01 1.651253890991210938e+01 -8.152922630310058594e+00 -1.412053704261779785e-01 7.128059118986129761e-02 2.641339302062988281e-01 9.514270424842834473e-01
-1.231761360168457031e+01 1.668894767761230469e+01 -8.138803482055664062e+00 -1.416085660457611084e-01 6.947560608386993408e-02 2.637675404548645020e-01 9.516022205352783203e-01
-1.230892276763916016e+01 1.685720443725585938e+01 -8.123968124389648438e+00 -1.422528922557830811e-01 6.755414605140686035e-02 2.632247507572174072e-01 9.517948031425476074e-01
-1.230069160461425781e+01 1.701733589172363281e+01 -8.109786033630371094e+00 -1.430824995040893555e-01 6.559918820858001709e-02 2.625490427017211914e-01 9.519937634468078613e-01
-1.229329109191894531e+01 1.716932868957519531e+01 -8.095931053161621094e+00 -1.440419256687164307e-01 6.369420886039733887e-02 2.617841362953186035e-01 9.521890282630920410e-01
-1.228744220733642578e+01 1.731315612792968750e+01 -8.081760406494140625e+00 -1.450757980346679688e-01 6.192250177264213562e-02 2.609740495681762695e-01 9.523712992668151855e-01
-1.228193187713623047e+01 1.744886970520019531e+01 -8.068378448486328125e+00 -1.461284011602401733e-01 6.036765500903129578e-02 2.601630091667175293e-01 9.525321722030639648e-01
-1.227674674987792969e+01 1.757646179199218750e+01 -8.055804252624511719e+00 -1.471447944641113281e-01 5.911307036876678467e-02 2.593953907489776611e-01 9.526637196540832520e-01
-1.227194023132324219e+01 1.769593429565429688e+01 -8.043998718261718750e+00 -1.480698585510253906e-01 5.824220925569534302e-02 2.587156593799591064e-01 9.527588486671447754e-01
-1.226838970184326172e+01 1.780724334716796875e+01 -8.032162666320800781e+00 -1.488483399152755737e-01 5.783877894282341003e-02 2.581685185432434082e-01 9.528104662895202637e-01
-1.226505184173583984e+01 1.791044235229492188e+01 -8.021261215209960938e+00 -1.494252234697341919e-01 5.798605084419250488e-02 2.577984035015106201e-01 9.528114199638366699e-01
-1.226191234588623047e+01 1.800553131103515625e+01 -8.011313438415527344e+00 -1.497450470924377441e-01 5.876766890287399292e-02 2.576496601104736328e-01 9.527536034584045410e-01
-1.225896167755126953e+01 1.809251976013183594e+01 -8.002340316772460938e+00 -1.497523486614227295e-01 6.026694923639297485e-02 2.577661573886871338e-01 9.526273012161254883e-01
-1.225618648529052734e+01 1.817140007019042969e+01 -7.994361877441406250e+00 -1.493912041187286377e-01 6.256729364395141602e-02 2.581910789012908936e-01 9.524205923080444336e-01
-1.225357627868652344e+01 1.824217796325683594e+01 -7.987397670745849609e+00 -1.486054360866546631e-01 6.575134396553039551e-02 2.589668929576873779e-01 9.521183967590332031e-01
-1.225112247467041016e+01 1.830485343933105469e+01 -7.981470108032226562e+00 -1.473381519317626953e-01 6.990200281143188477e-02 2.601347267627716064e-01 9.517012238502502441e-01
-1.224903869628906250e+01 1.835941696166992188e+01 -7.976382732391357422e+00 -1.455311179161071777e-01 7.510140538215637207e-02 2.617344260215759277e-01 9.511443376541137695e-01
-1.224610424041748047e+01 1.840626335144042969e+01 -7.973389625549316406e+00 -1.400547474622726440e-01 8.447500318288803101e-02 2.683326900005340576e-01 9.493399262428283691e-01
-1.224344730377197266e+01 1.844502830505371094e+01 -7.971326351165771484e+00 -1.345554292201995850e-01 9.383454918861389160e-02 2.748868167400360107e-01 9.473790526390075684e-01
-1.224106216430664062e+01 1.847570228576660156e+01 -7.970190048217773438e+00 -1.290341317653656006e-01 1.031787171959877014e-01 2.813955843448638916e-01 9.452623724937438965e-01
-1.223895359039306641e+01 1.849829864501953125e+01 -7.969980716705322266e+00 -1.234912127256393433e-01 1.125058978796005249e-01 2.878579795360565186e-01 9.429898858070373535e-01
-1.223712539672851562e+01 1.851280784606933594e+01 -7.970695495605468750e+00 -1.179282814264297485e-01 1.218145340681076050e-01 2.942730486392974854e-01 9.405623078346252441e-01
-1.223557186126708984e+01 1.851922988891601562e+01 -7.972333908081054688e+00 -1.123457327485084534e-01 1.311031877994537354e-01 3.006395995616912842e-01 9.379798769950866699e-01
-1.223395347595214844e+01 1.853034591674804688e+01 -7.973484992980957031e+00 -1.067448556423187256e-01 1.403701454401016235e-01 3.069566488265991211e-01 9.352429509162902832e-01
-1.223226642608642578e+01 1.854612922668457031e+01 -7.974150657653808594e+00 -1.011263281106948853e-01 1.496141105890274048e-01 3.132231533527374268e-01 9.323520660400390625e-01
-1.223051643371582031e+01 1.856657218933105469e+01 -7.974330425262451172e+00 -9.549106657505035400e-02 1.588334590196609497e-01 3.194380104541778564e-01 9.293076992034912109e-01
-1.222869968414306641e+01 1.859167861938476562e+01 -7.974020957946777344e+00 -8.984002470970153809e-02 1.680266559123992920e-01 3.256003260612487793e-01 9.261102080345153809e-01
-1.222681999206542969e+01 1.862145042419433594e+01 -7.973221778869628906e+00 -8.417441695928573608e-02 1.771920621395111084e-01 3.317091166973114014e-01 9.227603077888488770e-01
-1.222487545013427734e+01 1.865588188171386719e+01 -7.971931457519531250e+00 -7.849486917257308960e-02 1.863283067941665649e-01 3.377633988857269287e-01 9.192585349082946777e-01
-1.222286796569824219e+01 1.869497489929199219e+01 -7.970147609710693359e+00 -7.280240952968597412e-02 1.954339295625686646e-01 3.437620699405670166e-01 9.156052470207214355e-01
-1.222080039978027344e+01 1.873872947692871094e+01 -7.967869281768798828e+00 -6.709796190261840820e-02 2.045073360204696655e-01 3.497040867805480957e-01 9.118013381958007812e-01
-1.221867179870605469e+01 1.878714370727539062e+01 -7.965095043182373047e+00 -6.138243526220321655e-02 2.135471254587173462e-01 3.555883765220642090e-01 9.078472852706909180e-01
-1.221647930145263672e+01 1.884021949768066406e+01 -7.961821556091308594e+00 -5.565675720572471619e-02 2.225517332553863525e-01 3.614139556884765625e-01 9.037438631057739258e-01
-1.221422958374023438e+01 1.889795112609863281e+01 -7.958049774169921875e+00 -4.992206394672393799e-02 2.315196990966796875e-01 3.671807050704956055e-01 8.994914293289184570e-01
-1.221191883087158203e+01 1.896034431457519531e+01 -7.953776836395263672e+00 -4.417897760868072510e-02 2.404495477676391602e-01 3.728863000869750977e-01 8.950910568237304688e-01
-1.220956897735595703e+01 1.902739143371582031e+01 -7.948977470397949219e+00 -3.842866420745849609e-02 2.493397891521453857e-01 3.785306811332702637e-01 8.905433416366577148e-01
-1.220741462707519531e+01 1.909907150268554688e+01 -7.943385601043701172e+00 -3.267209976911544800e-02 2.581890821456909180e-01 3.841129839420318604e-01 8.858488798141479492e-01
-1.220418930053710938e+01 1.917615127563476562e+01 -7.935920238494873047e+00 -2.970889955759048462e-02 2.572153210639953613e-01 3.932507634162902832e-01 8.822196125984191895e-01
-1.220088958740234375e+01 1.925790977478027344e+01 -7.927910804748535156e+00 -2.674246579408645630e-02 2.562143206596374512e-01 4.023464918136596680e-01 8.784965872764587402e-01
-1.219751834869384766e+01 1.934433746337890625e+01 -7.919353961944580078e+00 -2.377317100763320923e-02 2.551860213279724121e-01 4.113994240760803223e-01 8.746802210807800293e-01
-1.219407176971435547e+01 1.943543624877929688e+01 -7.910252094268798828e+00 -2.080138772726058960e-02 2.541305720806121826e-01 4.204085171222686768e-01 8.707707524299621582e-01
-1.219055366516113281e+01 1.953120613098144531e+01 -7.900602340698242188e+00 -1.782732456922531128e-02 2.530480623245239258e-01 4.293727874755859375e-01 8.667685985565185547e-01
-1.218696498870849609e+01 1.963164520263671875e+01 -7.890405178070068359e+00 -1.485146582126617432e-02 2.519387006759643555e-01 4.382915794849395752e-01 8.626742362976074219e-01
-1.218330669403076172e+01 1.973675155639648438e+01 -7.879659175872802734e+00 -1.187394559383392334e-02 2.508023977279663086e-01 4.471636712551116943e-01 8.584880828857421875e-01
-1.217980575561523438e+01 1.984649658203125000e+01 -7.868037700653076172e+00 -8.895263075828552246e-03 2.496394962072372437e-01 4.559883475303649902e-01 8.542104363441467285e-01
-1.217628860473632812e+01 1.996090126037597656e+01 -7.855792045593261719e+00 -5.915604531764984131e-03 2.484500110149383545e-01 4.647644758224487305e-01 8.498420119285583496e-01
-1.217271327972412109e+01 2.007996559143066406e+01 -7.842980861663818359e+00 -2.935335040092468262e-03 2.472341507673263550e-01 4.734911322593688965e-01 8.453832268714904785e-01
-1.216908073425292969e+01 2.020369911193847656e+01 -7.829603195190429688e+00 4.523992538452148438e-05 2.459919154644012451e-01 4.821674525737762451e-01 8.408343791961669922e-01
-1.216539192199707031e+01 2.033209228515625000e+01 -7.815659046173095703e+00 3.025874495506286621e-03 2.447235435247421265e-01 4.907924532890319824e-01 8.361962437629699707e-01
-1.216164493560791016e+01 2.046515083312988281e+01 -7.801147460937500000e+00 6.006151437759399414e-03 2.434291243553161621e-01 4.993650317192077637e-01 8.314689993858337402e-01
-1.215800380706787109e+01 2.060282897949218750e+01 -7.785715579986572266e+00 8.985780179500579834e-03 2.421087920665740967e-01 5.078846812248229980e-01 8.266533017158508301e-01
-1.215434741973876953e+01 2.074515914916992188e+01 -7.769628524780273438e+00 1.196449249982833862e-02 2.407626956701278687e-01 5.163501501083374023e-01 8.217497467994689941e-01
-1.215064334869384766e+01 2.089214515686035156e+01 -7.752958297729492188e+00 1.494195312261581421e-02 2.393909692764282227e-01 5.247606635093688965e-01 8.167587518692016602e-01
-1.214688968658447266e+01 2.104378890991210938e+01 -7.735703945159912109e+00 1.791780441999435425e-02 2.379937469959259033e-01 5.331153869628906250e-01 8.116809129714965820e-01
-1.214308929443359375e+01 2.120008659362792969e+01 -7.717866420745849609e+00 2.089174836874008179e-02 2.365712821483612061e-01 5.414133667945861816e-01 8.065166473388671875e-01
-1.213930511474609375e+01 2.136098861694335938e+01 -7.698990345001220703e+00 2.386341243982315063e-02 2.351236492395401001e-01 5.496538877487182617e-01 8.012665510177612305e-01
-1.213547992706298828e+01 2.152653694152832031e+01 -7.679494857788085938e+00 2.683260291814804077e-02 2.336509674787521362e-01 5.578357577323913574e-01 7.959313392639160156e-01
-1.213255977630615234e+01 2.169275093078613281e+01 -7.657227993011474609e+00 2.104462683200836182e-02 2.344206273555755615e-01 5.520915985107421875e-01 7.998743057250976562e-01
-1.212957954406738281e+01 2.186361694335937500e+01 -7.634365081787109375e+00 1.525491476058959961e-02 2.351708710193634033e-01 5.463019013404846191e-01 8.037513494491577148e-01
-1.212641716003417969e+01 2.203906440734863281e+01 -7.610384464263916016e+00 9.463869035243988037e-03 2.359017431735992432e-01 5.404671430587768555e-01 8.075618147850036621e-01
-1.212318134307861328e+01 2.221916007995605469e+01 -7.585755825042724609e+00 3.672100603580474854e-03 2.366131246089935303e-01 5.345876216888427734e-01 8.113056421279907227e-01
-1.211988162994384766e+01 2.240390396118164062e+01 -7.560517311096191406e+00 -2.119950950145721436e-03 2.373049259185791016e-01 5.286638736724853516e-01 8.149824738502502441e-01
-1.211622810363769531e+01 2.259323120117187500e+01 -7.534213542938232422e+00 -7.911860942840576172e-03 2.379770576953887939e-01 5.226965546607971191e-01 8.185918927192687988e-01
-1.211232376098632812e+01 2.278717231750488281e+01 -7.507010459899902344e+00 -1.370315253734588623e-02 2.386296391487121582e-01 5.166859030723571777e-01 8.221336603164672852e-01
-1.210834598541259766e+01 2.298576354980468750e+01 -7.479181289672851562e+00 -1.949322968721389771e-02 2.392624318599700928e-01 5.106326341629028320e-01 8.256074786186218262e-01
-1.210316848754882812e+01 2.318882560729980469e+01 -7.449613094329833984e+00 -2.528171241283416748e-02 2.398754060268402100e-01 5.045372247695922852e-01 8.290132284164428711e-01
-1.209786701202392578e+01 2.339652824401855469e+01 -7.419361591339111328e+00 -3.106817603111267090e-02 2.404686510562896729e-01 4.983999133110046387e-01 8.323503732681274414e-01
-1.209230899810791016e+01 2.360855102539062500e+01 -7.386189937591552734e+00 -3.685206174850463867e-02 2.410419881343841553e-01 4.922216236591339111e-01 8.356186747550964355e-01
-1.208778667449951172e+01 2.382488441467285156e+01 -7.350061893463134766e+00 -4.263287782669067383e-02 2.415954023599624634e-01 4.860025048255920410e-01 8.388180732727050781e-01
-1.208719539642333984e+01 2.404496192932128906e+01 -7.307920455932617188e+00 -4.841016978025436401e-02 2.421288639307022095e-01 4.797432124614715576e-01 8.419480323791503906e-01
-1.209978485107421875e+01 2.426680374145507812e+01 -7.253453731536865234e+00 -5.418340861797332764e-02 2.426422536373138428e-01 4.734443426132202148e-01 8.450085520744323730e-01
-1.215519142150878906e+01 2.447920608520507812e+01 -7.173923969268798828e+00 -5.995223671197891235e-02 2.431356459856033325e-01 4.671063423156738281e-01 8.479990959167480469e-01
-1.224472713470458984e+01 2.467351913452148438e+01 -7.086737632751464844e+00 -6.571611762046813965e-02 2.436089366674423218e-01 4.607297480106353760e-01 8.509196043014526367e-01
-1.234110832214355469e+01 2.486223411560058594e+01 -7.002605915069580078e+00 -7.147453725337982178e-02 2.440621107816696167e-01 4.543150067329406738e-01 8.537697792053222656e-01
-1.243921852111816406e+01 2.504716682434082031e+01 -6.920511722564697266e+00 -7.722707092761993408e-02 2.444951236248016357e-01 4.478628635406494141e-01 8.565494418144226074e-01
-1.253717613220214844e+01 2.522902870178222656e+01 -6.839906692504882812e+00 -8.297322690486907959e-02 2.449079155921936035e-01 4.413736760616302490e-01 8.592583537101745605e-01
-1.264805793762207031e+01 2.540105438232421875e+01 -6.763150691986083984e+00 -8.871249854564666748e-02 2.453003674745559692e-01 4.348480701446533203e-01 8.618961572647094727e-01
-1.275896453857421875e+01 2.556992149353027344e+01 -6.688282489776611328e+00 -9.038124978542327881e-02 2.410386651754379272e-01 4.301441013813018799e-01 8.652789592742919922e-01
